variable1,operator,variable2,result,difficulty_level
6,+,3,9,easy
2,+,2,4,easy
8,+,2,10,easy
5,+,4,9,easy
0,+,3,3,easy
3,+,4,7,easy
7,+,3,10,easy
6,+,0,6,easy
9,+,1,10,easy
4,+,0,4,easy
6,+,4,10,easy
8,+,0,8,easy
1,+,8,9,easy
7,+,1,8,easy
4,+,4,8,easy
5,+,1,6,easy
1,+,7,8,easy
7,+,0,7,easy
3,+,6,9,easy
1,+,9,10,easy
8,+,1,9,easy
4,+,5,9,easy
0,+,8,8,easy
7,+,2,9,easy
5,+,3,8,easy
0,+,7,7,easy
9,+,0,9,easy
6,+,1,7,easy
3,+,5,8,easy
1,+,6,7,easy
5,+,5,10,easy
0,+,9,9,easy
1,+,3,4,easy
1,+,5,6,easy
3,+,7,10,easy
3,+,2,5,easy
5,+,0,5,easy
1,+,1,2,easy
2,+,6,8,easy
5,+,2,7,easy
2,+,1,3,easy
0,+,10,10,easy
4,+,1,5,easy
6,+,2,8,easy
3,+,3,6,easy
4,+,2,6,easy
4,+,3,7,easy
1,+,4,5,easy
4,+,6,10,easy
2,+,4,6,easy
3,+,0,3,easy
0,+,4,4,easy
2,+,5,7,easy
2,+,3,5,easy
0,+,0,0,easy
3,+,1,4,easy
0,+,5,5,easy
1,+,2,3,easy
2,+,0,2,easy
2,+,8,10,easy
0,+,1,1,easy
2,+,7,9,easy
1,+,0,1,easy
0,+,6,6,easy
0,+,2,2,easy
6,+,8,14,easy-medium
2,+,9,11,easy-medium
7,+,9,16,easy-medium
5,+,7,12,easy-medium
8,+,7,15,easy-medium
8,+,8,16,easy-medium
9,+,2,11,easy-medium
6,+,6,12,easy-medium
3,+,8,11,easy-medium
9,+,6,15,easy-medium
5,+,6,11,easy-medium
5,+,9,14,easy-medium
9,+,4,13,easy-medium
4,+,8,12,easy-medium
6,+,7,13,easy-medium
4,+,9,13,easy-medium
4,+,7,11,easy-medium
7,+,6,13,easy-medium
7,+,4,11,easy-medium
7,+,5,12,easy-medium
3,+,9,12,easy-medium
8,+,3,11,easy-medium
6,+,9,15,easy-medium
7,+,7,14,easy-medium
6,+,5,11,easy-medium
8,+,4,12,easy-medium
7,+,8,15,easy-medium
5,+,8,13,easy-medium
9,+,8,17,easy-medium
8,+,6,14,easy-medium
9,+,5,14,easy-medium
9,+,7,16,easy-medium
8,+,5,13,easy-medium
9,+,3,12,easy-medium
9,+,9,18,easy-medium
8,+,9,17,easy-medium
2,+,57,59,medium
4,+,17,21,medium
4,+,80,84,medium
4,+,66,70,medium
0,+,93,93,medium
7,+,16,23,medium
2,+,85,87,medium
1,+,33,34,medium
1,+,13,14,medium
6,+,28,34,medium
4,+,45,49,medium
5,+,11,16,medium
6,+,48,54,medium
5,+,28,33,medium
4,+,65,69,medium
5,+,53,58,medium
9,+,18,27,medium
6,+,16,22,medium
3,+,63,66,medium
8,+,88,96,medium
8,+,90,98,medium
5,+,55,60,medium
8,+,17,25,medium
4,+,38,42,medium
4,+,31,35,medium
3,+,24,27,medium
7,+,83,90,medium
2,+,48,50,medium
3,+,97,100,medium
6,+,53,59,medium
4,+,58,62,medium
4,+,47,51,medium
3,+,59,62,medium
9,+,75,84,medium
1,+,61,62,medium
1,+,91,92,medium
9,+,14,23,medium
2,+,60,62,medium
7,+,24,31,medium
1,+,37,38,medium
5,+,54,59,medium
0,+,13,13,medium
6,+,41,47,medium
5,+,27,32,medium
5,+,78,83,medium
3,+,16,19,medium
2,+,52,54,medium
8,+,54,62,medium
8,+,41,49,medium
4,+,81,85,medium
8,+,81,89,medium
8,+,72,80,medium
0,+,86,86,medium
4,+,37,41,medium
0,+,26,26,medium
2,+,29,31,medium
8,+,11,19,medium
8,+,87,95,medium
5,+,23,28,medium
0,+,62,62,medium
8,+,70,78,medium
2,+,10,12,medium
5,+,49,54,medium
7,+,23,30,medium
1,+,45,46,medium
9,+,49,58,medium
1,+,64,65,medium
2,+,73,75,medium
5,+,74,79,medium
3,+,17,20,medium
1,+,31,32,medium
5,+,68,73,medium
6,+,51,57,medium
2,+,74,76,medium
5,+,81,86,medium
0,+,17,17,medium
4,+,51,55,medium
6,+,74,80,medium
7,+,63,70,medium
3,+,91,94,medium
2,+,84,86,medium
8,+,58,66,medium
9,+,47,56,medium
7,+,60,67,medium
5,+,66,71,medium
9,+,78,87,medium
6,+,68,74,medium
8,+,10,18,medium
4,+,49,53,medium
1,+,55,56,medium
4,+,67,71,medium
6,+,88,94,medium
5,+,50,55,medium
6,+,93,99,medium
0,+,67,67,medium
7,+,91,98,medium
0,+,98,98,medium
3,+,30,33,medium
5,+,26,31,medium
6,+,75,81,medium
0,+,78,78,medium
5,+,57,62,medium
9,+,36,45,medium
0,+,39,39,medium
0,+,94,94,medium
9,+,51,60,medium
6,+,50,56,medium
2,+,69,71,medium
6,+,17,23,medium
2,+,67,69,medium
2,+,77,79,medium
0,+,10,10,medium
7,+,11,18,medium
7,+,58,65,medium
5,+,87,92,medium
3,+,21,24,medium
2,+,25,27,medium
5,+,77,82,medium
5,+,85,90,medium
2,+,97,99,medium
3,+,27,30,medium
6,+,22,28,medium
0,+,80,80,medium
2,+,20,22,medium
5,+,56,61,medium
1,+,72,73,medium
8,+,55,63,medium
5,+,43,48,medium
5,+,22,27,medium
4,+,74,78,medium
9,+,64,73,medium
2,+,61,63,medium
1,+,17,18,medium
2,+,65,67,medium
5,+,79,84,medium
9,+,23,32,medium
5,+,76,81,medium
1,+,28,29,medium
7,+,14,21,medium
4,+,75,79,medium
1,+,65,66,medium
0,+,45,45,medium
7,+,69,76,medium
3,+,84,87,medium
3,+,51,54,medium
1,+,79,80,medium
2,+,55,57,medium
9,+,81,90,medium
2,+,81,83,medium
7,+,51,58,medium
7,+,85,92,medium
9,+,46,55,medium
0,+,66,66,medium
4,+,30,34,medium
3,+,37,40,medium
9,+,60,69,medium
0,+,73,73,medium
8,+,84,92,medium
0,+,91,91,medium
7,+,93,100,medium
2,+,87,89,medium
0,+,57,57,medium
8,+,53,61,medium
8,+,46,54,medium
3,+,20,23,medium
3,+,31,34,medium
1,+,48,49,medium
8,+,21,29,medium
7,+,78,85,medium
2,+,66,68,medium
4,+,12,16,medium
1,+,30,31,medium
1,+,73,74,medium
6,+,70,76,medium
3,+,12,15,medium
4,+,43,47,medium
6,+,49,55,medium
3,+,86,89,medium
7,+,27,34,medium
2,+,19,21,medium
3,+,40,43,medium
3,+,52,55,medium
3,+,54,57,medium
4,+,20,24,medium
3,+,64,67,medium
2,+,71,73,medium
8,+,15,23,medium
9,+,58,67,medium
7,+,31,38,medium
6,+,84,90,medium
7,+,56,63,medium
4,+,82,86,medium
7,+,92,99,medium
0,+,29,29,medium
4,+,70,74,medium
4,+,86,90,medium
8,+,67,75,medium
7,+,66,73,medium
5,+,25,30,medium
4,+,28,32,medium
8,+,77,85,medium
7,+,15,22,medium
0,+,79,79,medium
7,+,12,19,medium
9,+,86,95,medium
8,+,42,50,medium
7,+,79,86,medium
2,+,33,35,medium
3,+,74,77,medium
7,+,30,37,medium
2,+,31,33,medium
4,+,41,45,medium
5,+,83,88,medium
0,+,40,40,medium
4,+,95,99,medium
3,+,81,84,medium
1,+,95,96,medium
8,+,49,57,medium
1,+,60,61,medium
9,+,45,54,medium
4,+,77,81,medium
1,+,23,24,medium
1,+,74,75,medium
3,+,34,37,medium
5,+,88,93,medium
6,+,21,27,medium
6,+,83,89,medium
0,+,41,41,medium
6,+,37,43,medium
9,+,15,24,medium
6,+,77,83,medium
9,+,22,31,medium
2,+,42,44,medium
7,+,29,36,medium
0,+,19,19,medium
4,+,35,39,medium
4,+,71,75,medium
5,+,93,98,medium
6,+,24,30,medium
3,+,94,97,medium
0,+,37,37,medium
3,+,26,29,medium
3,+,38,41,medium
4,+,85,89,medium
1,+,54,55,medium
7,+,81,88,medium
9,+,20,29,medium
5,+,18,23,medium
2,+,70,72,medium
8,+,24,32,medium
9,+,66,75,medium
5,+,61,66,medium
4,+,21,25,medium
1,+,15,16,medium
3,+,18,21,medium
5,+,38,43,medium
8,+,65,73,medium
3,+,70,73,medium
4,+,63,67,medium
9,+,17,26,medium
9,+,26,35,medium
0,+,70,70,medium
2,+,83,85,medium
4,+,90,94,medium
0,+,51,51,medium
6,+,39,45,medium
2,+,59,61,medium
6,+,45,51,medium
1,+,39,40,medium
7,+,64,71,medium
8,+,85,93,medium
5,+,59,64,medium
6,+,72,78,medium
7,+,76,83,medium
0,+,54,54,medium
6,+,59,65,medium
4,+,19,23,medium
1,+,78,79,medium
2,+,72,74,medium
6,+,44,50,medium
4,+,69,73,medium
4,+,61,65,medium
4,+,11,15,medium
6,+,85,91,medium
1,+,25,26,medium
8,+,44,52,medium
7,+,68,75,medium
2,+,86,88,medium
9,+,54,63,medium
8,+,26,34,medium
8,+,56,64,medium
6,+,15,21,medium
4,+,44,48,medium
8,+,76,84,medium
8,+,86,94,medium
3,+,56,59,medium
5,+,17,22,medium
4,+,23,27,medium
1,+,41,42,medium
1,+,42,43,medium
5,+,20,25,medium
7,+,67,74,medium
9,+,39,48,medium
4,+,52,56,medium
4,+,39,43,medium
2,+,38,40,medium
1,+,27,28,medium
1,+,87,88,medium
8,+,47,55,medium
9,+,79,88,medium
2,+,23,25,medium
0,+,56,56,medium
8,+,31,39,medium
1,+,92,93,medium
8,+,59,67,medium
2,+,98,100,medium
7,+,54,61,medium
7,+,41,48,medium
7,+,39,46,medium
1,+,26,27,medium
0,+,24,24,medium
9,+,34,43,medium
3,+,49,52,medium
1,+,71,72,medium
0,+,76,76,medium
6,+,29,35,medium
1,+,16,17,medium
0,+,55,55,medium
4,+,55,59,medium
7,+,33,40,medium
0,+,61,61,medium
3,+,79,82,medium
4,+,91,95,medium
3,+,77,80,medium
5,+,94,99,medium
1,+,66,67,medium
1,+,56,57,medium
6,+,58,64,medium
3,+,93,96,medium
9,+,61,70,medium
6,+,90,96,medium
9,+,90,99,medium
4,+,92,96,medium
0,+,46,46,medium
3,+,76,79,medium
2,+,79,81,medium
7,+,37,44,medium
0,+,38,38,medium
1,+,12,13,medium
7,+,47,54,medium
5,+,35,40,medium
8,+,45,53,medium
5,+,71,76,medium
8,+,35,43,medium
9,+,52,61,medium
1,+,10,11,medium
8,+,52,60,medium
8,+,64,72,medium
0,+,88,88,medium
6,+,66,72,medium
9,+,32,41,medium
1,+,86,87,medium
3,+,23,26,medium
0,+,53,53,medium
8,+,68,76,medium
1,+,68,69,medium
4,+,22,26,medium
0,+,30,30,medium
9,+,10,19,medium
5,+,51,56,medium
6,+,40,46,medium
0,+,95,95,medium
6,+,26,32,medium
8,+,38,46,medium
6,+,38,44,medium
0,+,84,84,medium
6,+,23,29,medium
1,+,19,20,medium
6,+,86,92,medium
6,+,18,24,medium
4,+,88,92,medium
1,+,20,21,medium
2,+,21,23,medium
9,+,69,78,medium
7,+,42,49,medium
7,+,46,53,medium
5,+,29,34,medium
4,+,10,14,medium
1,+,97,98,medium
8,+,82,90,medium
3,+,68,71,medium
9,+,35,44,medium
8,+,25,33,medium
5,+,44,49,medium
5,+,65,70,medium
6,+,31,37,medium
8,+,28,36,medium
8,+,36,44,medium
7,+,13,20,medium
4,+,40,44,medium
8,+,19,27,medium
3,+,47,50,medium
9,+,30,39,medium
0,+,89,89,medium
0,+,32,32,medium
1,+,90,91,medium
4,+,73,77,medium
0,+,33,33,medium
2,+,13,15,medium
2,+,16,18,medium
9,+,56,65,medium
8,+,74,82,medium
4,+,33,37,medium
0,+,92,92,medium
2,+,22,24,medium
0,+,82,82,medium
7,+,84,91,medium
5,+,12,17,medium
7,+,65,72,medium
3,+,78,81,medium
1,+,77,78,medium
9,+,88,97,medium
5,+,60,65,medium
8,+,79,87,medium
2,+,12,14,medium
9,+,40,49,medium
0,+,20,20,medium
6,+,13,19,medium
7,+,88,95,medium
0,+,75,75,medium
1,+,58,59,medium
6,+,30,36,medium
5,+,80,85,medium
5,+,41,46,medium
1,+,70,71,medium
4,+,83,87,medium
4,+,27,31,medium
2,+,32,34,medium
6,+,19,25,medium
0,+,97,97,medium
5,+,37,42,medium
7,+,17,24,medium
8,+,18,26,medium
5,+,48,53,medium
4,+,29,33,medium
2,+,90,92,medium
0,+,44,44,medium
5,+,73,78,medium
7,+,71,78,medium
6,+,14,20,medium
2,+,14,16,medium
7,+,61,68,medium
2,+,75,77,medium
9,+,82,91,medium
8,+,57,65,medium
7,+,72,79,medium
1,+,52,53,medium
3,+,13,16,medium
2,+,43,45,medium
3,+,50,53,medium
1,+,14,15,medium
7,+,50,57,medium
8,+,27,35,medium
7,+,70,77,medium
1,+,49,50,medium
0,+,96,96,medium
3,+,95,98,medium
8,+,13,21,medium
6,+,82,88,medium
9,+,67,76,medium
1,+,32,33,medium
0,+,90,90,medium
0,+,48,48,medium
0,+,34,34,medium
9,+,44,53,medium
7,+,89,96,medium
9,+,27,36,medium
3,+,28,31,medium
2,+,58,60,medium
0,+,81,81,medium
1,+,99,100,medium
4,+,14,18,medium
1,+,21,22,medium
2,+,45,47,medium
6,+,20,26,medium
0,+,11,11,medium
4,+,26,30,medium
7,+,49,56,medium
9,+,87,96,medium
3,+,10,13,medium
2,+,26,28,medium
0,+,22,22,medium
7,+,34,41,medium
4,+,60,64,medium
6,+,71,77,medium
1,+,69,70,medium
4,+,78,82,medium
1,+,40,41,medium
2,+,96,98,medium
9,+,89,98,medium
6,+,67,73,medium
6,+,35,41,medium
7,+,26,33,medium
6,+,47,53,medium
8,+,30,38,medium
8,+,34,42,medium
7,+,40,47,medium
8,+,62,70,medium
2,+,80,82,medium
3,+,29,32,medium
1,+,34,35,medium
9,+,21,30,medium
1,+,46,47,medium
9,+,37,46,medium
5,+,15,20,medium
0,+,42,42,medium
6,+,11,17,medium
2,+,89,91,medium
6,+,80,86,medium
0,+,87,87,medium
4,+,94,98,medium
5,+,92,97,medium
1,+,29,30,medium
6,+,10,16,medium
9,+,91,100,medium
5,+,91,96,medium
4,+,25,29,medium
7,+,28,35,medium
9,+,33,42,medium
8,+,80,88,medium
4,+,59,63,medium
4,+,24,28,medium
7,+,21,28,medium
8,+,50,58,medium
9,+,48,57,medium
1,+,57,58,medium
4,+,96,100,medium
9,+,11,20,medium
7,+,59,66,medium
5,+,52,57,medium
5,+,31,36,medium
9,+,65,74,medium
8,+,14,22,medium
3,+,53,56,medium
2,+,76,78,medium
7,+,18,25,medium
4,+,89,93,medium
7,+,53,60,medium
5,+,84,89,medium
4,+,87,91,medium
0,+,15,15,medium
9,+,76,85,medium
1,+,47,48,medium
0,+,50,50,medium
3,+,65,68,medium
2,+,78,80,medium
2,+,40,42,medium
2,+,88,90,medium
0,+,52,52,medium
9,+,72,81,medium
7,+,10,17,medium
5,+,72,77,medium
0,+,60,60,medium
5,+,62,67,medium
1,+,53,54,medium
2,+,39,41,medium
0,+,65,65,medium
4,+,62,66,medium
4,+,48,52,medium
0,+,72,72,medium
1,+,44,45,medium
2,+,44,46,medium
2,+,41,43,medium
2,+,46,48,medium
8,+,69,77,medium
8,+,66,74,medium
3,+,71,74,medium
8,+,73,81,medium
4,+,68,72,medium
1,+,22,23,medium
8,+,32,40,medium
3,+,55,58,medium
6,+,61,67,medium
9,+,16,25,medium
6,+,65,71,medium
3,+,19,22,medium
5,+,67,72,medium
3,+,87,90,medium
3,+,58,61,medium
2,+,64,66,medium
2,+,35,37,medium
9,+,63,72,medium
8,+,20,28,medium
30,+,55,85,medium-hard
36,+,55,91,medium-hard
82,+,12,94,medium-hard
81,+,15,96,medium-hard
60,+,20,80,medium-hard
52,+,45,97,medium-hard
50,+,36,86,medium-hard
65,+,29,94,medium-hard
80,+,19,99,medium-hard
84,+,14,98,medium-hard
51,+,33,84,medium-hard
60,+,10,70,medium-hard
16,+,78,94,medium-hard
40,+,22,62,medium-hard
78,+,16,94,medium-hard
11,+,61,72,medium-hard
80,+,15,95,medium-hard
14,+,83,97,medium-hard
86,+,14,100,medium-hard
78,+,22,100,medium-hard
18,+,60,78,medium-hard
83,+,14,97,medium-hard
30,+,38,68,medium-hard
80,+,10,90,medium-hard
50,+,32,82,medium-hard
79,+,20,99,medium-hard
73,+,17,90,medium-hard
64,+,28,92,medium-hard
38,+,18,56,medium-hard
57,+,24,81,medium-hard
19,+,13,32,medium-hard
23,+,67,90,medium-hard
54,+,23,77,medium-hard
87,+,13,100,medium-hard
26,+,21,47,medium-hard
90,+,10,100,medium-hard
53,+,15,68,medium-hard
60,+,24,84,medium-hard
68,+,19,87,medium-hard
40,+,48,88,medium-hard
51,+,35,86,medium-hard
49,+,42,91,medium-hard
25,+,20,45,medium-hard
38,+,61,99,medium-hard
34,+,15,49,medium-hard
67,+,25,92,medium-hard
61,+,22,83,medium-hard
47,+,29,76,medium-hard
66,+,31,97,medium-hard
32,+,33,65,medium-hard
25,+,67,92,medium-hard
41,+,49,90,medium-hard
30,+,50,80,medium-hard
80,+,18,98,medium-hard
37,+,57,94,medium-hard
70,+,15,85,medium-hard
24,+,65,89,medium-hard
86,+,11,97,medium-hard
64,+,19,83,medium-hard
22,+,78,100,medium-hard
13,+,43,56,medium-hard
78,+,12,90,medium-hard
11,+,76,87,medium-hard
71,+,15,86,medium-hard
51,+,47,98,medium-hard
20,+,64,84,medium-hard
26,+,53,79,medium-hard
22,+,22,44,medium-hard
35,+,13,48,medium-hard
47,+,49,96,medium-hard
11,+,26,37,medium-hard
27,+,54,81,medium-hard
32,+,58,90,medium-hard
50,+,34,84,medium-hard
66,+,30,96,medium-hard
75,+,14,89,medium-hard
51,+,16,67,medium-hard
44,+,41,85,medium-hard
21,+,75,96,medium-hard
31,+,48,79,medium-hard
47,+,19,66,medium-hard
10,+,63,73,medium-hard
49,+,43,92,medium-hard
28,+,50,78,medium-hard
48,+,16,64,medium-hard
56,+,12,68,medium-hard
15,+,43,58,medium-hard
85,+,15,100,medium-hard
25,+,29,54,medium-hard
22,+,36,58,medium-hard
81,+,16,97,medium-hard
38,+,19,57,medium-hard
24,+,38,62,medium-hard
42,+,45,87,medium-hard
60,+,29,89,medium-hard
27,+,59,86,medium-hard
87,+,11,98,medium-hard
73,+,13,86,medium-hard
66,+,14,80,medium-hard
17,+,42,59,medium-hard
72,+,17,89,medium-hard
11,+,45,56,medium-hard
55,+,28,83,medium-hard
25,+,34,59,medium-hard
16,+,27,43,medium-hard
23,+,22,45,medium-hard
61,+,12,73,medium-hard
17,+,64,81,medium-hard
68,+,32,100,medium-hard
33,+,58,91,medium-hard
20,+,76,96,medium-hard
64,+,30,94,medium-hard
23,+,55,78,medium-hard
74,+,12,86,medium-hard
65,+,33,98,medium-hard
44,+,29,73,medium-hard
27,+,28,55,medium-hard
34,+,46,80,medium-hard
54,+,17,71,medium-hard
29,+,66,95,medium-hard
56,+,39,95,medium-hard
51,+,18,69,medium-hard
74,+,10,84,medium-hard
33,+,40,73,medium-hard
62,+,36,98,medium-hard
45,+,14,59,medium-hard
68,+,30,98,medium-hard
11,+,54,65,medium-hard
84,+,10,94,medium-hard
38,+,48,86,medium-hard
16,+,33,49,medium-hard
40,+,59,99,medium-hard
21,+,14,35,medium-hard
11,+,24,35,medium-hard
69,+,28,97,medium-hard
40,+,42,82,medium-hard
57,+,25,82,medium-hard
14,+,24,38,medium-hard
57,+,32,89,medium-hard
82,+,11,93,medium-hard
77,+,12,89,medium-hard
15,+,71,86,medium-hard
30,+,47,77,medium-hard
60,+,31,91,medium-hard
49,+,12,61,medium-hard
56,+,36,92,medium-hard
28,+,45,73,medium-hard
34,+,38,72,medium-hard
68,+,12,80,medium-hard
22,+,30,52,medium-hard
62,+,29,91,medium-hard
47,+,46,93,medium-hard
76,+,22,98,medium-hard
34,+,22,56,medium-hard
88,+,11,99,medium-hard
88,+,12,100,medium-hard
22,+,43,65,medium-hard
59,+,28,87,medium-hard
21,+,24,45,medium-hard
44,+,35,79,medium-hard
55,+,20,75,medium-hard
79,+,16,95,medium-hard
30,+,35,65,medium-hard
27,+,38,65,medium-hard
20,+,25,45,medium-hard
24,+,20,44,medium-hard
39,+,16,55,medium-hard
84,+,11,95,medium-hard
67,+,27,94,medium-hard
43,+,39,82,medium-hard
52,+,32,84,medium-hard
21,+,67,88,medium-hard
47,+,41,88,medium-hard
28,+,63,91,medium-hard
55,+,32,87,medium-hard
25,+,39,64,medium-hard
28,+,22,50,medium-hard
45,+,27,72,medium-hard
14,+,57,71,medium-hard
10,+,25,35,medium-hard
41,+,34,75,medium-hard
74,+,25,99,medium-hard
78,+,15,93,medium-hard
35,+,32,67,medium-hard
69,+,11,80,medium-hard
89,+,11,100,medium-hard
72,+,24,96,medium-hard
67,+,20,87,medium-hard
66,+,20,86,medium-hard
31,+,20,51,medium-hard
84,+,13,97,medium-hard
42,+,40,82,medium-hard
55,+,41,96,medium-hard
67,+,28,95,medium-hard
24,+,62,86,medium-hard
15,+,84,99,medium-hard
47,+,20,67,medium-hard
60,+,22,82,medium-hard
10,+,68,78,medium-hard
59,+,10,69,medium-hard
43,+,45,88,medium-hard
50,+,12,62,medium-hard
36,+,64,100,medium-hard
50,+,37,87,medium-hard
43,+,26,69,medium-hard
53,+,19,72,medium-hard
72,+,28,100,medium-hard
72,+,14,86,medium-hard
25,+,47,72,medium-hard
41,+,28,69,medium-hard
13,+,52,65,medium-hard
14,+,78,92,medium-hard
45,+,49,94,medium-hard
27,+,63,90,medium-hard
20,+,67,87,medium-hard
60,+,32,92,medium-hard
43,+,23,66,medium-hard
89,+,10,99,medium-hard
49,+,11,60,medium-hard
63,+,27,90,medium-hard
23,+,64,87,medium-hard
70,+,13,83,medium-hard
52,+,16,68,medium-hard
39,+,50,89,medium-hard
13,+,23,36,medium-hard
57,+,43,100,medium-hard
22,+,17,39,medium-hard
24,+,63,87,medium-hard
33,+,30,63,medium-hard
44,+,28,72,medium-hard
58,+,37,95,medium-hard
18,+,40,58,medium-hard
37,+,31,68,medium-hard
46,+,54,100,medium-hard
59,+,27,86,medium-hard
10,+,36,46,medium-hard
80,+,16,96,medium-hard
51,+,36,87,medium-hard
38,+,40,78,medium-hard
63,+,37,100,medium-hard
84,+,15,99,medium-hard
24,+,41,65,medium-hard
76,+,20,96,medium-hard
71,+,25,96,medium-hard
83,+,13,96,medium-hard
19,+,25,44,medium-hard
28,+,66,94,medium-hard
41,+,30,71,medium-hard
35,+,16,51,medium-hard
85,+,14,99,medium-hard
59,+,12,71,medium-hard
69,+,21,90,medium-hard
33,+,59,92,medium-hard
70,+,24,94,medium-hard
80,+,11,91,medium-hard
71,+,21,92,medium-hard
12,+,14,26,medium-hard
85,+,12,97,medium-hard
45,+,20,65,medium-hard
42,+,46,88,medium-hard
43,+,51,94,medium-hard
21,+,76,97,medium-hard
64,+,32,96,medium-hard
43,+,57,100,medium-hard
78,+,20,98,medium-hard
27,+,16,43,medium-hard
73,+,18,91,medium-hard
54,+,14,68,medium-hard
31,+,32,63,medium-hard
75,+,24,99,medium-hard
33,+,67,100,medium-hard
48,+,27,75,medium-hard
38,+,59,97,medium-hard
29,+,33,62,medium-hard
12,+,44,56,medium-hard
78,+,18,96,medium-hard
63,+,19,82,medium-hard
11,+,11,22,medium-hard
46,+,46,92,medium-hard
55,+,13,68,medium-hard
75,+,13,88,medium-hard
66,+,15,81,medium-hard
80,+,14,94,medium-hard
10,+,50,60,medium-hard
63,+,11,74,medium-hard
64,+,29,93,medium-hard
77,+,19,96,medium-hard
12,+,42,54,medium-hard
12,+,57,69,medium-hard
78,+,19,97,medium-hard
38,+,53,91,medium-hard
57,+,28,85,medium-hard
60,+,35,95,medium-hard
44,+,24,68,medium-hard
13,+,30,43,medium-hard
43,+,18,61,medium-hard
27,+,13,40,medium-hard
53,+,10,63,medium-hard
30,+,29,59,medium-hard
11,+,68,79,medium-hard
35,+,43,78,medium-hard
63,+,35,98,medium-hard
14,+,63,77,medium-hard
70,+,11,81,medium-hard
64,+,33,97,medium-hard
43,+,32,75,medium-hard
29,+,32,61,medium-hard
34,+,45,79,medium-hard
38,+,14,52,medium-hard
31,+,52,83,medium-hard
44,+,25,69,medium-hard
59,+,17,76,medium-hard
43,+,16,59,medium-hard
20,+,77,97,medium-hard
66,+,27,93,medium-hard
30,+,16,46,medium-hard
38,+,10,48,medium-hard
44,+,33,77,medium-hard
52,+,43,95,medium-hard
58,+,31,89,medium-hard
20,+,65,85,medium-hard
45,+,13,58,medium-hard
27,+,62,89,medium-hard
79,+,10,89,medium-hard
72,+,15,87,medium-hard
56,+,19,75,medium-hard
58,+,20,78,medium-hard
61,+,27,88,medium-hard
68,+,15,83,medium-hard
37,+,49,86,medium-hard
47,+,40,87,medium-hard
27,+,40,67,medium-hard
40,+,27,67,medium-hard
34,+,29,63,medium-hard
33,+,34,67,medium-hard
38,+,32,70,medium-hard
45,+,36,81,medium-hard
83,+,15,98,medium-hard
14,+,59,73,medium-hard
25,+,73,98,medium-hard
72,+,16,88,medium-hard
68,+,24,92,medium-hard
22,+,45,67,medium-hard
52,+,44,96,medium-hard
34,+,10,44,medium-hard
16,+,31,47,medium-hard
70,+,30,100,medium-hard
65,+,14,79,medium-hard
72,+,25,97,medium-hard
68,+,18,86,medium-hard
26,+,24,50,medium-hard
47,+,36,83,medium-hard
40,+,35,75,medium-hard
73,+,23,96,medium-hard
37,+,26,63,medium-hard
34,+,16,50,medium-hard
15,+,22,37,medium-hard
32,+,30,62,medium-hard
80,+,17,97,medium-hard
39,+,42,81,medium-hard
25,+,52,77,medium-hard
25,+,40,65,medium-hard
21,+,29,50,medium-hard
33,+,24,57,medium-hard
82,+,10,92,medium-hard
42,+,51,93,medium-hard
41,+,13,54,medium-hard
75,+,22,97,medium-hard
18,+,41,59,medium-hard
47,+,16,63,medium-hard
52,+,35,87,medium-hard
26,+,34,60,medium-hard
85,+,13,98,medium-hard
15,+,13,28,medium-hard
29,+,58,87,medium-hard
27,+,29,56,medium-hard
13,+,28,41,medium-hard
38,+,45,83,medium-hard
24,+,54,78,medium-hard
29,+,48,77,medium-hard
19,+,44,63,medium-hard
44,+,19,63,medium-hard
20,+,24,44,medium-hard
44,+,40,84,medium-hard
69,+,14,83,medium-hard
27,+,39,66,medium-hard
62,+,31,93,medium-hard
82,+,13,95,medium-hard
14,+,22,36,medium-hard
24,+,36,60,medium-hard
85,+,11,96,medium-hard
26,+,32,58,medium-hard
37,+,16,53,medium-hard
24,+,14,38,medium-hard
86,+,10,96,medium-hard
28,+,11,39,medium-hard
60,+,37,97,medium-hard
15,+,57,72,medium-hard
75,+,12,87,medium-hard
81,+,19,100,medium-hard
45,+,34,79,medium-hard
74,+,15,89,medium-hard
48,+,12,60,medium-hard
51,+,37,88,medium-hard
14,+,25,39,medium-hard
31,+,43,74,medium-hard
45,+,16,61,medium-hard
66,+,25,91,medium-hard
23,+,34,57,medium-hard
77,+,21,98,medium-hard
47,+,28,75,medium-hard
40,+,47,87,medium-hard
64,+,13,77,medium-hard
59,+,34,93,medium-hard
46,+,42,88,medium-hard
31,+,47,78,medium-hard
19,+,81,100,medium-hard
46,+,24,70,medium-hard
27,+,50,77,medium-hard
20,+,50,70,medium-hard
62,+,32,94,medium-hard
21,+,59,80,medium-hard
32,+,37,69,medium-hard
55,+,19,74,medium-hard
77,+,15,92,medium-hard
42,+,13,55,medium-hard
47,+,33,80,medium-hard
46,+,43,89,medium-hard
61,+,13,74,medium-hard
77,+,10,87,medium-hard
14,+,46,60,medium-hard
70,+,14,84,medium-hard
47,+,15,62,medium-hard
37,+,23,60,medium-hard
23,+,10,33,medium-hard
11,+,19,30,medium-hard
28,+,71,99,medium-hard
34,+,51,85,medium-hard
36,+,34,70,medium-hard
19,+,49,68,medium-hard
35,+,22,57,medium-hard
68,+,26,94,medium-hard
35,+,50,85,medium-hard
70,+,28,98,medium-hard
83,+,11,94,medium-hard
42,+,24,66,medium-hard
19,+,61,80,medium-hard
31,+,11,42,medium-hard
50,+,48,98,medium-hard
21,+,73,94,medium-hard
80,+,12,92,medium-hard
69,+,15,84,medium-hard
52,+,40,92,medium-hard
54,+,46,100,medium-hard
30,+,40,70,medium-hard
61,+,38,99,medium-hard
72,+,19,91,medium-hard
34,+,35,69,medium-hard
10,+,43,53,medium-hard
46,+,28,74,medium-hard
59,+,16,75,medium-hard
24,+,71,95,medium-hard
78,+,10,88,medium-hard
86,+,13,99,medium-hard
25,+,33,58,medium-hard
62,+,25,87,medium-hard
56,+,29,85,medium-hard
11,+,16,27,medium-hard
52,+,47,99,medium-hard
41,+,37,78,medium-hard
47,+,50,97,medium-hard
33,+,16,49,medium-hard
15,+,26,41,medium-hard
37,+,39,76,medium-hard
41,+,27,68,medium-hard
74,+,14,88,medium-hard
21,+,68,89,medium-hard
81,+,11,92,medium-hard
12,+,52,64,medium-hard
45,+,26,71,medium-hard
17,+,56,73,medium-hard
74,+,22,96,medium-hard
69,+,13,82,medium-hard
55,+,25,80,medium-hard
43,+,14,57,medium-hard
70,+,22,92,medium-hard
51,+,19,70,medium-hard
23,+,76,99,medium-hard
54,+,15,69,medium-hard
43,+,53,96,medium-hard
39,+,30,69,medium-hard
43,+,50,93,medium-hard
82,+,15,97,medium-hard
66,+,18,84,medium-hard
65,+,25,90,medium-hard
22,+,50,72,medium-hard
68,+,27,95,medium-hard
38,+,25,63,medium-hard
37,+,52,89,medium-hard
24,+,67,91,medium-hard
62,+,23,85,medium-hard
24,+,49,73,medium-hard
41,+,16,57,medium-hard
53,+,30,83,medium-hard
77,+,22,99,medium-hard
41,+,11,52,medium-hard
14,+,39,53,medium-hard
57,+,15,72,medium-hard
15,+,38,53,medium-hard
44,+,55,99,medium-hard
38,+,39,77,medium-hard
50,+,29,79,medium-hard
79,+,21,100,medium-hard
33,+,37,70,medium-hard
35,+,28,63,medium-hard
54,+,36,90,medium-hard
23,+,29,52,medium-hard
12,+,23,35,medium-hard
36,+,62,98,medium-hard
59,+,26,85,medium-hard
65,+,26,91,medium-hard
20,+,42,62,medium-hard
56,+,33,89,medium-hard
36,+,11,47,medium-hard
61,+,33,94,medium-hard
41,+,55,96,medium-hard
51,+,45,96,medium-hard
62,+,20,82,medium-hard
87,+,12,99,medium-hard
10,+,32,42,medium-hard
22,+,11,33,medium-hard
28,+,59,87,medium-hard
72,+,11,83,medium-hard
21,+,39,60,medium-hard
62,+,21,83,medium-hard
12,+,81,93,medium-hard
36,+,31,67,medium-hard
48,+,23,71,medium-hard
57,+,35,92,medium-hard
78,+,17,95,medium-hard
50,+,50,100,medium-hard
25,+,63,88,medium-hard
82,+,14,96,medium-hard
28,+,60,88,medium-hard
43,+,25,68,medium-hard
75,+,11,86,medium-hard
61,+,21,82,medium-hard
37,+,53,90,medium-hard
44,+,16,60,medium-hard
32,+,12,44,medium-hard
51,+,27,78,medium-hard
52,+,14,66,medium-hard
39,+,29,68,medium-hard
65,+,35,100,medium-hard
63,+,28,91,medium-hard
52,+,38,90,medium-hard
10,+,40,50,medium-hard
12,+,45,57,medium-hard
11,+,35,46,medium-hard
62,+,22,84,medium-hard
51,+,39,90,medium-hard
61,+,14,75,medium-hard
36,+,51,87,medium-hard
49,+,37,86,medium-hard
38,+,52,90,medium-hard
33,+,60,93,medium-hard
75,+,16,91,medium-hard
25,+,54,79,medium-hard
15,+,39,54,medium-hard
87,+,10,97,medium-hard
40,+,29,69,medium-hard
21,+,61,82,medium-hard
66,+,24,90,medium-hard
14,+,44,58,medium-hard
56,+,32,88,medium-hard
75,+,25,100,medium-hard
25,+,31,56,medium-hard
69,+,19,88,medium-hard
24,+,46,70,medium-hard
67,+,17,84,medium-hard
18,+,31,49,medium-hard
45,+,39,84,medium-hard
34,+,11,45,medium-hard
46,+,18,64,medium-hard
75,+,19,94,medium-hard
76,+,11,87,medium-hard
44,+,10,54,medium-hard
55,+,38,93,medium-hard
67,+,11,78,medium-hard
33,+,39,72,medium-hard
39,+,14,53,medium-hard
60,+,12,72,medium-hard
62,+,10,72,medium-hard
38,+,35,73,medium-hard
38,+,27,65,medium-hard
52,+,31,83,medium-hard
26,+,50,76,medium-hard
78,+,14,92,medium-hard
30,+,70,100,medium-hard
51,+,44,95,medium-hard
70,+,16,86,medium-hard
67,+,33,100,medium-hard
22,+,60,82,medium-hard
65,+,34,99,medium-hard
18,+,49,67,medium-hard
52,+,24,76,medium-hard
25,+,56,81,medium-hard
21,+,22,43,medium-hard
48,+,44,92,medium-hard
53,+,38,91,medium-hard
12,+,83,95,medium-hard
50,+,24,74,medium-hard
32,+,34,66,medium-hard
16,+,61,77,medium-hard
57,+,17,74,medium-hard
39,+,47,86,medium-hard
24,+,50,74,medium-hard
39,+,28,67,medium-hard
51,+,48,99,medium-hard
51,+,13,64,medium-hard
64,+,17,81,medium-hard
62,+,15,77,medium-hard
22,+,67,89,medium-hard
51,+,46,97,medium-hard
15,+,35,50,medium-hard
31,+,51,82,medium-hard
74,+,24,98,medium-hard
38,+,44,82,medium-hard
61,+,28,89,medium-hard
15,+,48,63,medium-hard
35,+,55,90,medium-hard
20,+,54,74,medium-hard
55,+,10,65,medium-hard
15,+,75,90,medium-hard
64,+,18,82,medium-hard
47,+,45,92,medium-hard
43,+,30,73,medium-hard
88,+,10,98,medium-hard
50,+,18,68,medium-hard
64,+,34,98,medium-hard
41,+,42,83,medium-hard
42,+,21,63,medium-hard
26,+,42,68,medium-hard
33,+,19,52,medium-hard
61,+,36,97,medium-hard
15,+,52,67,medium-hard
29,+,50,79,medium-hard
72,+,13,85,medium-hard
39,+,58,97,medium-hard
24,+,43,67,medium-hard
83,+,10,93,medium-hard
84,+,16,100,medium-hard
28,+,31,59,medium-hard
23,+,46,69,medium-hard
13,+,50,63,medium-hard
24,+,33,57,medium-hard
51,+,12,63,medium-hard
48,+,35,83,medium-hard
74,+,18,92,medium-hard
63,+,34,97,medium-hard
62,+,24,86,medium-hard
49,+,16,65,medium-hard
52,+,48,100,medium-hard
30,+,57,87,medium-hard
63,+,25,88,medium-hard
47,+,14,61,medium-hard
83,+,12,95,medium-hard
21,+,25,46,medium-hard
66,+,19,85,medium-hard
38,+,56,94,medium-hard
66,+,32,98,medium-hard
59,+,21,80,medium-hard
31,+,63,94,medium-hard
23,+,32,55,medium-hard
69,+,31,100,medium-hard
60,+,18,78,medium-hard
38,+,62,100,medium-hard
30,+,12,42,medium-hard
11,+,66,77,medium-hard
44,+,36,80,medium-hard
54,+,32,86,medium-hard
69,+,17,86,medium-hard
16,+,53,69,medium-hard
49,+,46,95,medium-hard
12,+,75,87,medium-hard
13,+,36,49,medium-hard
35,+,56,91,medium-hard
38,+,37,75,medium-hard
52,+,15,67,medium-hard
11,+,71,82,medium-hard
52,+,12,64,medium-hard
60,+,25,85,medium-hard
65,+,24,89,medium-hard
15,+,21,36,medium-hard
41,+,19,60,medium-hard
69,+,26,95,medium-hard
27,+,44,71,medium-hard
60,+,30,90,medium-hard
76,+,24,100,medium-hard
33,+,65,98,medium-hard
35,+,10,45,medium-hard
18,+,23,41,medium-hard
34,+,33,67,medium-hard
18,+,42,60,medium-hard
60,+,28,88,medium-hard
74,+,17,91,medium-hard
11,+,53,64,medium-hard
72,+,23,95,medium-hard
26,+,44,70,medium-hard
59,+,36,95,medium-hard
25,+,60,85,medium-hard
43,+,47,90,medium-hard
62,+,26,88,medium-hard
52,+,37,89,medium-hard
35,+,59,94,medium-hard
39,+,48,87,medium-hard
84,+,12,96,medium-hard
24,+,34,58,medium-hard
39,+,46,85,medium-hard
72,+,26,98,medium-hard
18,+,75,93,medium-hard
70,+,27,97,medium-hard
62,+,14,76,medium-hard
61,+,20,81,medium-hard
63,+,21,84,medium-hard
27,+,58,85,medium-hard
12,+,35,47,medium-hard
11,+,12,23,medium-hard
77,+,13,90,medium-hard
76,+,19,95,medium-hard
17,+,57,74,medium-hard
20,+,48,68,medium-hard
41,+,26,67,medium-hard
12,+,80,92,medium-hard
33,+,48,81,medium-hard
57,+,38,95,medium-hard
23,+,77,100,medium-hard
49,+,33,82,medium-hard
58,+,40,98,medium-hard
17,+,13,30,medium-hard
53,+,40,93,medium-hard
29,+,38,67,medium-hard
15,+,42,57,medium-hard
67,+,26,93,medium-hard
71,+,12,83,medium-hard
71,+,22,93,medium-hard
27,+,64,91,medium-hard
20,+,45,65,medium-hard
36,+,23,59,medium-hard
41,+,45,86,medium-hard
39,+,20,59,medium-hard
26,+,16,42,medium-hard
23,+,21,44,medium-hard
61,+,25,86,medium-hard
16,+,54,70,medium-hard
73,+,16,89,medium-hard
16,+,32,48,medium-hard
81,+,10,91,medium-hard
16,+,18,34,medium-hard
22,+,25,47,medium-hard
57,+,41,98,medium-hard
45,+,23,68,medium-hard
13,+,40,53,medium-hard
60,+,13,73,medium-hard
18,+,29,47,medium-hard
59,+,13,72,medium-hard
39,+,55,94,medium-hard
47,+,26,73,medium-hard
39,+,32,71,medium-hard
68,+,29,97,medium-hard
25,+,51,76,medium-hard
20,+,75,95,medium-hard
22,+,53,75,medium-hard
14,+,79,93,medium-hard
13,+,22,35,medium-hard
37,+,60,97,medium-hard
32,+,54,86,medium-hard
45,+,33,78,medium-hard
21,+,26,47,medium-hard
51,+,24,75,medium-hard
67,+,18,85,medium-hard
19,+,26,45,medium-hard
17,+,32,49,medium-hard
56,+,21,77,medium-hard
36,+,59,95,medium-hard
44,+,11,55,medium-hard
53,+,11,64,medium-hard
40,+,18,58,medium-hard
49,+,29,78,medium-hard
34,+,47,81,medium-hard
42,+,50,92,medium-hard
63,+,24,87,medium-hard
53,+,96,149,hard
68,+,87,155,hard
95,+,9,104,hard
83,+,61,144,hard
38,+,79,117,hard
37,+,75,112,hard
35,+,84,119,hard
94,+,62,156,hard
88,+,51,139,hard
38,+,91,129,hard
69,+,65,134,hard
75,+,51,126,hard
74,+,27,101,hard
45,+,70,115,hard
97,+,66,163,hard
16,+,97,113,hard
45,+,60,105,hard
11,+,98,109,hard
44,+,92,136,hard
18,+,99,117,hard
79,+,91,170,hard
32,+,69,101,hard
71,+,31,102,hard
23,+,82,105,hard
53,+,93,146,hard
73,+,94,167,hard
81,+,80,161,hard
82,+,52,134,hard
64,+,66,130,hard
63,+,75,138,hard
33,+,98,131,hard
26,+,97,123,hard
80,+,59,139,hard
85,+,20,105,hard
74,+,30,104,hard
27,+,92,119,hard
25,+,96,121,hard
68,+,68,136,hard
88,+,61,149,hard
77,+,92,169,hard
32,+,78,110,hard
70,+,74,144,hard
98,+,6,104,hard
31,+,86,117,hard
13,+,94,107,hard
23,+,83,106,hard
80,+,37,117,hard
23,+,94,117,hard
88,+,88,176,hard
37,+,90,127,hard
91,+,97,188,hard
29,+,80,109,hard
21,+,95,116,hard
23,+,92,115,hard
60,+,97,157,hard
33,+,88,121,hard
35,+,97,132,hard
95,+,81,176,hard
73,+,81,154,hard
66,+,97,163,hard
43,+,74,117,hard
20,+,91,111,hard
15,+,96,111,hard
29,+,96,125,hard
75,+,27,102,hard
13,+,93,106,hard
67,+,91,158,hard
44,+,59,103,hard
86,+,64,150,hard
43,+,85,128,hard
86,+,75,161,hard
21,+,92,113,hard
40,+,97,137,hard
36,+,87,123,hard
30,+,79,109,hard
33,+,70,103,hard
81,+,52,133,hard
90,+,48,138,hard
94,+,98,192,hard
67,+,54,121,hard
56,+,50,106,hard
71,+,70,141,hard
66,+,62,128,hard
25,+,80,105,hard
43,+,71,114,hard
98,+,3,101,hard
25,+,95,120,hard
15,+,89,104,hard
68,+,56,124,hard
56,+,87,143,hard
91,+,39,130,hard
42,+,98,140,hard
93,+,24,117,hard
64,+,64,128,hard
71,+,45,116,hard
52,+,79,131,hard
52,+,62,114,hard
34,+,93,127,hard
94,+,47,141,hard
93,+,25,118,hard
30,+,99,129,hard
58,+,81,139,hard
85,+,86,171,hard
47,+,66,113,hard
23,+,88,111,hard
10,+,97,107,hard
16,+,87,103,hard
98,+,56,154,hard
64,+,48,112,hard
50,+,79,129,hard
69,+,77,146,hard
14,+,93,107,hard
48,+,98,146,hard
18,+,86,104,hard
18,+,83,101,hard
32,+,90,122,hard
99,+,70,169,hard
99,+,98,197,hard
66,+,65,131,hard
26,+,93,119,hard
38,+,80,118,hard
56,+,60,116,hard
83,+,78,161,hard
31,+,83,114,hard
17,+,92,109,hard
80,+,79,159,hard
69,+,73,142,hard
74,+,90,164,hard
59,+,87,146,hard
28,+,93,121,hard
21,+,88,109,hard
62,+,75,137,hard
55,+,70,125,hard
30,+,81,111,hard
95,+,46,141,hard
45,+,86,131,hard
28,+,90,118,hard
25,+,86,111,hard
88,+,86,174,hard
60,+,92,152,hard
27,+,80,107,hard
97,+,95,192,hard
16,+,96,112,hard
23,+,80,103,hard
14,+,89,103,hard
12,+,96,108,hard
40,+,85,125,hard
71,+,91,162,hard
81,+,81,162,hard
45,+,89,134,hard
58,+,92,150,hard
70,+,45,115,hard
89,+,84,173,hard
15,+,92,107,hard
15,+,98,113,hard
47,+,77,124,hard
27,+,83,110,hard
47,+,99,146,hard
55,+,85,140,hard
91,+,30,121,hard
69,+,64,133,hard
91,+,60,151,hard
99,+,97,196,hard
64,+,46,110,hard
57,+,61,118,hard
30,+,96,126,hard
93,+,69,162,hard
10,+,91,101,hard
62,+,88,150,hard
54,+,47,101,hard
70,+,43,113,hard
99,+,24,123,hard
58,+,83,141,hard
46,+,90,136,hard
77,+,96,173,hard
24,+,84,108,hard
52,+,85,137,hard
72,+,96,168,hard
30,+,84,114,hard
83,+,18,101,hard
67,+,94,161,hard
86,+,97,183,hard
78,+,74,152,hard
28,+,78,106,hard
99,+,50,149,hard
54,+,84,138,hard
74,+,46,120,hard
12,+,91,103,hard
94,+,42,136,hard
65,+,73,138,hard
66,+,51,117,hard
49,+,77,126,hard
45,+,98,143,hard
39,+,74,113,hard
23,+,93,116,hard
96,+,96,192,hard
24,+,87,111,hard
49,+,67,116,hard
53,+,99,152,hard
72,+,44,116,hard
21,+,82,103,hard
14,+,90,104,hard
96,+,72,168,hard
43,+,83,126,hard
80,+,92,172,hard
38,+,97,135,hard
13,+,96,109,hard
80,+,64,144,hard
94,+,81,175,hard
80,+,70,150,hard
34,+,76,110,hard
74,+,68,142,hard
55,+,84,139,hard
19,+,83,102,hard
89,+,37,126,hard
94,+,8,102,hard
98,+,54,152,hard
25,+,76,101,hard
98,+,8,106,hard
86,+,35,121,hard
83,+,64,147,hard
99,+,35,134,hard
26,+,83,109,hard
87,+,15,102,hard
98,+,91,189,hard
56,+,98,154,hard
62,+,85,147,hard
90,+,64,154,hard
83,+,45,128,hard
68,+,64,132,hard
29,+,82,111,hard
84,+,56,140,hard
43,+,92,135,hard
74,+,95,169,hard
38,+,63,101,hard
97,+,62,159,hard
86,+,38,124,hard
92,+,92,184,hard
41,+,87,128,hard
99,+,65,164,hard
39,+,73,112,hard
86,+,62,148,hard
87,+,78,165,hard
68,+,38,106,hard
68,+,74,142,hard
49,+,76,125,hard
22,+,95,117,hard
39,+,64,103,hard
86,+,92,178,hard
13,+,92,105,hard
82,+,97,179,hard
55,+,60,115,hard
72,+,35,107,hard
60,+,67,127,hard
80,+,94,174,hard
13,+,90,103,hard
26,+,77,103,hard
65,+,66,131,hard
36,+,71,107,hard
34,+,94,128,hard
50,+,99,149,hard
55,+,81,136,hard
26,+,85,111,hard
84,+,53,137,hard
91,+,29,120,hard
87,+,94,181,hard
39,+,86,125,hard
97,+,4,101,hard
76,+,72,148,hard
49,+,63,112,hard
89,+,80,169,hard
39,+,97,136,hard
42,+,84,126,hard
59,+,46,105,hard
25,+,91,116,hard
65,+,81,146,hard
49,+,65,114,hard
60,+,78,138,hard
54,+,89,143,hard
78,+,82,160,hard
33,+,97,130,hard
30,+,76,106,hard
75,+,97,172,hard
40,+,64,104,hard
29,+,79,108,hard
43,+,86,129,hard
16,+,88,104,hard
27,+,84,111,hard
75,+,86,161,hard
63,+,72,135,hard
27,+,96,123,hard
74,+,60,134,hard
53,+,88,141,hard
92,+,77,169,hard
69,+,60,129,hard
54,+,93,147,hard
56,+,75,131,hard
82,+,34,116,hard
35,+,76,111,hard
27,+,99,126,hard
75,+,60,135,hard
11,+,94,105,hard
63,+,77,140,hard
91,+,40,131,hard
81,+,87,168,hard
70,+,37,107,hard
21,+,91,112,hard
37,+,85,122,hard
73,+,82,155,hard
57,+,96,153,hard
78,+,54,132,hard
52,+,75,127,hard
36,+,68,104,hard
66,+,94,160,hard
60,+,74,134,hard
53,+,75,128,hard
17,+,97,114,hard
96,+,46,142,hard
45,+,62,107,hard
30,+,75,105,hard
87,+,88,175,hard
88,+,78,166,hard
97,+,26,123,hard
34,+,88,122,hard
29,+,75,104,hard
67,+,48,115,hard
88,+,43,131,hard
58,+,86,144,hard
10,+,98,108,hard
67,+,46,113,hard
98,+,53,151,hard
10,+,94,104,hard
34,+,81,115,hard
63,+,81,144,hard
70,+,86,156,hard
73,+,85,158,hard
94,+,23,117,hard
47,+,68,115,hard
97,+,74,171,hard
72,+,63,135,hard
44,+,98,142,hard
96,+,39,135,hard
11,+,90,101,hard
68,+,95,163,hard
90,+,46,136,hard
86,+,29,115,hard
24,+,93,117,hard
27,+,85,112,hard
17,+,96,113,hard
96,+,47,143,hard
26,+,84,110,hard
17,+,90,107,hard
36,+,84,120,hard
19,+,94,113,hard
91,+,59,150,hard
33,+,93,126,hard
68,+,98,166,hard
36,+,97,133,hard
64,+,68,132,hard
87,+,23,110,hard
68,+,61,129,hard
10,+,92,102,hard
76,+,63,139,hard
64,+,78,142,hard
69,+,69,138,hard
24,+,99,123,hard
59,+,91,150,hard
85,+,83,168,hard
64,+,45,109,hard
98,+,58,156,hard
46,+,99,145,hard
59,+,42,101,hard
38,+,77,115,hard
92,+,52,144,hard
65,+,65,130,hard
33,+,83,116,hard
28,+,80,108,hard
67,+,77,144,hard
88,+,59,147,hard
90,+,56,146,hard
82,+,70,152,hard
71,+,54,125,hard
25,+,83,108,hard
97,+,15,112,hard
18,+,92,110,hard
96,+,26,122,hard
36,+,72,108,hard
46,+,79,125,hard
60,+,81,141,hard
78,+,33,111,hard
17,+,84,101,hard
30,+,86,116,hard
52,+,90,142,hard
26,+,81,107,hard
34,+,74,108,hard
52,+,94,146,hard
60,+,91,151,hard
41,+,77,118,hard
65,+,53,118,hard
57,+,89,146,hard
18,+,89,107,hard
10,+,96,106,hard
58,+,77,135,hard
74,+,55,129,hard
21,+,89,110,hard
86,+,80,166,hard
51,+,95,146,hard
10,+,95,105,hard
32,+,74,106,hard
91,+,51,142,hard
46,+,97,143,hard
67,+,65,132,hard
42,+,72,114,hard
77,+,53,130,hard
48,+,71,119,hard
77,+,56,133,hard
97,+,47,144,hard
28,+,84,112,hard
70,+,40,110,hard
19,+,91,110,hard
65,+,70,135,hard
27,+,75,102,hard
14,+,88,102,hard
40,+,84,124,hard
34,+,77,111,hard
81,+,31,112,hard
13,+,91,104,hard
59,+,98,157,hard
49,+,71,120,hard
51,+,75,126,hard
20,+,85,105,hard
99,+,10,109,hard
73,+,75,148,hard
18,+,95,113,hard
86,+,34,120,hard
22,+,82,104,hard
78,+,84,162,hard
25,+,79,104,hard
47,+,57,104,hard
94,+,75,169,hard
24,+,90,114,hard
46,+,83,129,hard
14,+,97,111,hard
23,+,86,109,hard
14,+,99,113,hard
73,+,58,131,hard
75,+,64,139,hard
44,+,57,101,hard
83,+,53,136,hard
27,+,87,114,hard
20,+,97,117,hard
56,+,72,128,hard
89,+,39,128,hard
67,+,53,120,hard
51,+,81,132,hard
66,+,76,142,hard
58,+,46,104,hard
35,+,85,120,hard
87,+,76,163,hard
96,+,28,124,hard
40,+,73,113,hard
40,+,68,108,hard
44,+,60,104,hard
46,+,61,107,hard
95,+,13,108,hard
90,+,43,133,hard
68,+,33,101,hard
82,+,85,167,hard
59,+,81,140,hard
35,+,96,131,hard
43,+,66,109,hard
48,+,62,110,hard
70,+,46,116,hard
84,+,36,120,hard
83,+,28,111,hard
37,+,66,103,hard
22,+,89,111,hard
84,+,52,136,hard
94,+,66,160,hard
87,+,19,106,hard
65,+,75,140,hard
58,+,49,107,hard
14,+,91,105,hard
98,+,75,173,hard
91,+,87,178,hard
52,+,77,129,hard
27,+,76,103,hard
43,+,82,125,hard
79,+,78,157,hard
63,+,41,104,hard
22,+,91,113,hard
80,+,33,113,hard
50,+,70,120,hard
92,+,61,153,hard
29,+,85,114,hard
25,+,85,110,hard
22,+,93,115,hard
16,+,99,115,hard
15,+,95,110,hard
71,+,87,158,hard
50,+,75,125,hard
64,+,87,151,hard
88,+,47,135,hard
34,+,78,112,hard
48,+,93,141,hard
50,+,56,106,hard
85,+,47,132,hard
44,+,86,130,hard
22,+,86,108,hard
86,+,78,164,hard
92,+,41,133,hard
98,+,24,122,hard
71,+,95,166,hard
90,+,99,189,hard
29,+,88,117,hard
21,+,94,115,hard
25,+,84,109,hard
57,+,65,122,hard
98,+,77,175,hard
85,+,75,160,hard
39,+,83,122,hard
64,+,86,150,hard
68,+,71,139,hard
26,+,78,104,hard
75,+,40,115,hard
42,+,80,122,hard
53,+,63,116,hard
42,+,78,120,hard
75,+,48,123,hard
37,+,80,117,hard
36,+,81,117,hard
83,+,42,125,hard
96,+,92,188,hard
72,+,46,118,hard
92,+,14,106,hard
54,+,61,115,hard
73,+,70,143,hard
46,+,55,101,hard
53,+,65,118,hard
84,+,88,172,hard
94,+,40,134,hard
91,+,67,158,hard
56,+,56,112,hard
99,+,64,163,hard
70,+,63,133,hard
80,+,47,127,hard
34,+,80,114,hard
61,+,94,155,hard
87,+,16,103,hard
65,+,88,153,hard
35,+,94,129,hard
24,+,86,110,hard
11,+,95,106,hard
86,+,91,177,hard
56,+,59,115,hard
46,+,62,108,hard
76,+,34,110,hard
77,+,55,132,hard
23,+,90,113,hard
21,+,99,120,hard
23,+,96,119,hard
84,+,50,134,hard
63,+,65,128,hard
37,+,79,116,hard
16,+,91,107,hard
45,+,94,139,hard
84,+,68,152,hard
21,+,98,119,hard
98,+,43,141,hard
87,+,21,108,hard
78,+,46,124,hard
72,+,32,104,hard
20,+,84,104,hard
66,+,87,153,hard
92,+,35,127,hard
57,+,99,156,hard
76,+,52,128,hard
94,+,99,193,hard
77,+,67,144,hard
81,+,51,132,hard
48,+,89,137,hard
58,+,43,101,hard
87,+,29,116,hard
66,+,92,158,hard
85,+,97,182,hard
33,+,91,124,hard
52,+,97,149,hard
86,+,32,118,hard
92,+,38,130,hard
27,+,82,109,hard
23,+,97,120,hard
96,+,49,145,hard
40,+,75,115,hard
12,+,94,106,hard
29,+,74,103,hard
47,+,60,107,hard
33,+,75,108,hard
72,+,65,137,hard
37,+,97,134,hard
58,+,70,128,hard
88,+,24,112,hard
11,+,93,104,hard
77,+,69,146,hard
96,+,62,158,hard
44,+,81,125,hard
35,+,79,114,hard
70,+,33,103,hard
69,+,41,110,hard
19,+,97,116,hard
28,+,98,126,hard
99,+,55,154,hard
49,+,87,136,hard
40,+,79,119,hard
31,+,97,128,hard
22,+,83,105,hard
17,+,87,104,hard
90,+,45,135,hard
83,+,29,112,hard
83,+,98,181,hard
83,+,57,140,hard
66,+,39,105,hard
18,+,90,108,hard
85,+,61,146,hard
92,+,76,168,hard
71,+,62,133,hard
63,+,67,130,hard
48,+,53,101,hard
81,+,39,120,hard
54,+,75,129,hard
51,+,90,141,hard
59,+,50,109,hard
80,+,83,163,hard
84,+,25,109,hard
57,+,49,106,hard
17,+,98,115,hard
36,+,78,114,hard
62,+,87,149,hard
94,+,74,168,hard
13,+,97,110,hard
91,+,58,149,hard
35,+,99,134,hard
56,+,62,118,hard
81,+,35,116,hard
98,+,29,127,hard
29,+,81,110,hard
35,+,83,118,hard
45,+,80,125,hard
60,+,64,124,hard
75,+,66,141,hard
39,+,95,134,hard
16,+,94,110,hard
79,+,92,171,hard
21,+,87,108,hard
57,+,90,147,hard
53,+,73,126,hard
87,+,44,131,hard
68,+,97,165,hard
48,+,54,102,hard
64,+,37,101,hard
94,+,14,108,hard
53,+,48,101,hard
65,+,93,158,hard
56,+,88,144,hard
66,+,72,138,hard
37,+,68,105,hard
86,+,67,153,hard
79,+,85,164,hard
93,+,37,130,hard
44,+,69,113,hard
19,+,89,108,hard
18,+,88,106,hard
25,+,99,124,hard
90,+,34,124,hard
32,+,94,126,hard
32,+,80,112,hard
80,+,71,151,hard
11,+,99,110,hard
38,+,87,125,hard
41,+,89,130,hard
39,+,92,131,hard
66,+,46,112,hard
29,+,84,113,hard
62,+,90,152,hard
77,+,41,118,hard
24,+,81,105,hard
89,+,45,134,hard
24,+,91,115,hard
91,+,95,186,hard
53,+,85,138,hard
40,+,92,132,hard
70,+,34,104,hard
88,+,77,165,hard
39,+,91,130,hard
97,+,59,156,hard
89,+,53,142,hard
77,+,50,127,hard
81,+,78,159,hard
47,+,78,125,hard
46,+,70,116,hard
27,+,90,117,hard
52,+,74,126,hard
60,+,43,103,hard
75,+,46,121,hard
79,+,25,104,hard
21,+,80,101,hard
37,+,67,104,hard
67,+,41,108,hard
68,+,82,150,hard
41,+,67,108,hard
40,+,82,122,hard
15,+,94,109,hard
32,+,95,127,hard
69,+,91,160,hard
96,+,7,103,hard
31,+,89,120,hard
91,+,38,129,hard
56,+,53,109,hard
41,+,66,107,hard
26,+,75,101,hard
96,+,76,172,hard
19,+,88,107,hard
28,+,73,101,hard
47,+,82,129,hard
41,+,99,140,hard
38,+,75,113,hard
18,+,97,115,hard
71,+,56,127,hard
63,+,87,150,hard
59,+,84,143,hard
45,+,57,102,hard
90,+,40,130,hard
43,+,68,111,hard
45,+,97,142,hard
90,+,31,121,hard
79,+,22,101,hard
43,+,77,120,hard
35,+,89,124,hard
54,+,99,153,hard
61,+,58,119,hard
67,+,83,150,hard
64,+,77,141,hard
19,+,90,109,hard
40,+,91,131,hard
30,+,98,128,hard
63,+,85,148,hard
47,+,75,122,hard
44,+,84,128,hard
92,+,11,103,hard
20,+,92,112,hard
77,+,51,128,hard
29,+,93,122,hard
58,+,61,119,hard
30,+,73,103,hard
97,+,10,107,hard
51,+,58,109,hard
16,+,89,105,hard
77,+,46,123,hard
36,+,89,125,hard
25,+,90,115,hard
49,+,79,128,hard
96,+,55,151,hard
54,+,92,146,hard
27,+,93,120,hard
75,+,91,166,hard
48,+,76,124,hard
68,+,84,152,hard
74,+,72,146,hard
77,+,80,157,hard
39,+,66,105,hard
61,+,57,118,hard
35,+,90,125,hard
31,+,90,121,hard
78,+,90,168,hard
12,+,93,105,hard
81,+,62,143,hard
69,+,80,149,hard
38,+,95,133,hard
63,+,39,102,hard
77,+,39,116,hard
45,+,71,116,hard
63,+,70,133,hard
40,+,74,114,hard
63,+,58,121,hard
55,+,88,143,hard
39,+,98,137,hard
98,+,64,162,hard
25,+,93,118,hard
50,+,65,115,hard
71,+,74,145,hard
80,+,41,121,hard
61,+,75,136,hard
39,+,87,126,hard
89,+,92,181,hard
29,+,73,102,hard
34,+,75,109,hard
78,+,52,130,hard
21,+,83,104,hard
86,+,95,181,hard
93,+,92,185,hard
33,+,72,105,hard
72,+,70,142,hard
37,+,96,133,hard
90,+,65,155,hard
16,+,85,101,hard
69,+,76,145,hard
80,+,42,122,hard
95,+,49,144,hard
43,+,95,138,hard
51,+,85,136,hard
56,+,96,152,hard
44,+,72,116,hard
38,+,66,104,hard
50,+,82,132,hard
49,+,66,115,hard
23,+,84,107,hard
88,+,75,163,hard
61,+,45,106,hard
70,+,53,123,hard
27,+,88,115,hard
54,+,97,151,hard
41,+,88,129,hard
54,+,80,134,hard
75,+,73,148,hard
48,+,61,109,hard
21,+,86,107,hard
93,+,56,149,hard
17,+,88,105,hard
59,+,67,126,hard
62,+,56,118,hard
97,+,90,187,hard
66,+,91,157,hard
85,+,59,144,hard
63,+,48,111,hard
41,+,76,117,hard
40,+,98,138,hard
38,+,71,109,hard
91,+,86,177,hard
45,+,90,135,hard
78,+,29,107,hard
51,+,62,113,hard
58,+,51,109,hard
35,+,92,127,hard
78,+,61,139,hard
90,+,73,163,hard
86,+,85,171,hard
92,+,71,163,hard
78,+,41,119,hard
99,+,72,171,hard
52,+,55,107,hard
99,+,16,115,hard
68,+,80,148,hard
72,+,43,115,hard
89,+,77,166,hard
27,+,86,113,hard
29,+,90,119,hard
61,+,76,137,hard
77,+,83,160,hard
78,+,25,103,hard
72,+,42,114,hard
60,+,49,109,hard
79,+,570,649,advanced
19,+,295,314,advanced
18,+,717,735,advanced
53,+,923,976,advanced
55,+,936,991,advanced
37,+,224,261,advanced
68,+,525,593,advanced
82,+,798,880,advanced
34,+,835,869,advanced
81,+,756,837,advanced
25,+,217,242,advanced
62,+,182,244,advanced
78,+,560,638,advanced
85,+,556,641,advanced
90,+,634,724,advanced
41,+,553,594,advanced
99,+,543,642,advanced
84,+,708,792,advanced
67,+,751,818,advanced
92,+,308,400,advanced
47,+,419,466,advanced
58,+,125,183,advanced
38,+,490,528,advanced
67,+,333,400,advanced
14,+,562,576,advanced
76,+,467,543,advanced
79,+,252,331,advanced
64,+,645,709,advanced
66,+,880,946,advanced
29,+,628,657,advanced
91,+,743,834,advanced
19,+,597,616,advanced
11,+,405,416,advanced
40,+,657,697,advanced
99,+,837,936,advanced
31,+,967,998,advanced
25,+,888,913,advanced
56,+,867,923,advanced
57,+,259,316,advanced
90,+,288,378,advanced
71,+,809,880,advanced
19,+,629,648,advanced
96,+,518,614,advanced
17,+,300,317,advanced
91,+,850,941,advanced
21,+,334,355,advanced
40,+,406,446,advanced
72,+,431,503,advanced
61,+,203,264,advanced
34,+,360,394,advanced
15,+,691,706,advanced
56,+,816,872,advanced
44,+,704,748,advanced
53,+,617,670,advanced
91,+,677,768,advanced
68,+,443,511,advanced
45,+,843,888,advanced
41,+,375,416,advanced
34,+,951,985,advanced
83,+,100,183,advanced
11,+,706,717,advanced
63,+,552,615,advanced
22,+,313,335,advanced
21,+,298,319,advanced
24,+,591,615,advanced
16,+,681,697,advanced
27,+,605,632,advanced
36,+,351,387,advanced
32,+,263,295,advanced
83,+,185,268,advanced
20,+,389,409,advanced
70,+,132,202,advanced
11,+,805,816,advanced
12,+,429,441,advanced
81,+,651,732,advanced
26,+,303,329,advanced
67,+,712,779,advanced
29,+,571,600,advanced
46,+,443,489,advanced
24,+,656,680,advanced
49,+,143,192,advanced
83,+,505,588,advanced
74,+,186,260,advanced
91,+,103,194,advanced
98,+,285,383,advanced
93,+,167,260,advanced
48,+,690,738,advanced
46,+,695,741,advanced
40,+,812,852,advanced
79,+,544,623,advanced
67,+,615,682,advanced
94,+,760,854,advanced
80,+,501,581,advanced
82,+,664,746,advanced
84,+,761,845,advanced
94,+,602,696,advanced
20,+,906,926,advanced
51,+,645,696,advanced
52,+,273,325,advanced
57,+,584,641,advanced
95,+,432,527,advanced
47,+,278,325,advanced
26,+,704,730,advanced
66,+,578,644,advanced
48,+,659,707,advanced
64,+,657,721,advanced
89,+,482,571,advanced
46,+,458,504,advanced
44,+,150,194,advanced
41,+,754,795,advanced
63,+,620,683,advanced
93,+,430,523,advanced
39,+,258,297,advanced
32,+,628,660,advanced
15,+,267,282,advanced
17,+,775,792,advanced
88,+,288,376,advanced
79,+,457,536,advanced
23,+,430,453,advanced
31,+,593,624,advanced
46,+,265,311,advanced
68,+,457,525,advanced
37,+,666,703,advanced
31,+,162,193,advanced
93,+,213,306,advanced
32,+,451,483,advanced
61,+,724,785,advanced
24,+,131,155,advanced
58,+,255,313,advanced
45,+,178,223,advanced
60,+,409,469,advanced
86,+,306,392,advanced
29,+,771,800,advanced
98,+,157,255,advanced
89,+,574,663,advanced
30,+,711,741,advanced
96,+,784,880,advanced
16,+,328,344,advanced
50,+,637,687,advanced
32,+,184,216,advanced
86,+,100,186,advanced
90,+,219,309,advanced
61,+,356,417,advanced
38,+,307,345,advanced
43,+,208,251,advanced
66,+,379,445,advanced
69,+,121,190,advanced
74,+,250,324,advanced
16,+,937,953,advanced
48,+,364,412,advanced
39,+,223,262,advanced
50,+,439,489,advanced
16,+,789,805,advanced
41,+,574,615,advanced
55,+,773,828,advanced
95,+,342,437,advanced
49,+,318,367,advanced
42,+,562,604,advanced
70,+,515,585,advanced
57,+,343,400,advanced
61,+,746,807,advanced
41,+,386,427,advanced
10,+,587,597,advanced
54,+,797,851,advanced
16,+,326,342,advanced
55,+,300,355,advanced
22,+,840,862,advanced
96,+,292,388,advanced
85,+,912,997,advanced
78,+,778,856,advanced
13,+,500,513,advanced
35,+,426,461,advanced
39,+,443,482,advanced
17,+,421,438,advanced
20,+,757,777,advanced
21,+,879,900,advanced
15,+,499,514,advanced
99,+,641,740,advanced
77,+,405,482,advanced
58,+,909,967,advanced
89,+,654,743,advanced
21,+,608,629,advanced
13,+,153,166,advanced
31,+,773,804,advanced
36,+,331,367,advanced
48,+,752,800,advanced
13,+,535,548,advanced
17,+,216,233,advanced
77,+,529,606,advanced
92,+,821,913,advanced
41,+,579,620,advanced
64,+,857,921,advanced
26,+,954,980,advanced
58,+,770,828,advanced
58,+,550,608,advanced
28,+,638,666,advanced
49,+,917,966,advanced
30,+,391,421,advanced
29,+,380,409,advanced
11,+,892,903,advanced
76,+,197,273,advanced
49,+,855,904,advanced
84,+,303,387,advanced
40,+,104,144,advanced
48,+,244,292,advanced
72,+,143,215,advanced
60,+,573,633,advanced
72,+,318,390,advanced
52,+,166,218,advanced
81,+,868,949,advanced
67,+,101,168,advanced
30,+,146,176,advanced
93,+,855,948,advanced
85,+,760,845,advanced
65,+,524,589,advanced
15,+,839,854,advanced
48,+,157,205,advanced
49,+,633,682,advanced
83,+,858,941,advanced
61,+,282,343,advanced
95,+,261,356,advanced
72,+,904,976,advanced
57,+,109,166,advanced
70,+,499,569,advanced
68,+,428,496,advanced
51,+,218,269,advanced
18,+,436,454,advanced
18,+,884,902,advanced
23,+,179,202,advanced
41,+,123,164,advanced
73,+,866,939,advanced
80,+,732,812,advanced
39,+,104,143,advanced
90,+,413,503,advanced
77,+,623,700,advanced
97,+,510,607,advanced
63,+,624,687,advanced
88,+,812,900,advanced
70,+,425,495,advanced
30,+,268,298,advanced
76,+,566,642,advanced
56,+,917,973,advanced
29,+,886,915,advanced
23,+,573,596,advanced
55,+,118,173,advanced
72,+,311,383,advanced
56,+,282,338,advanced
12,+,143,155,advanced
12,+,954,966,advanced
82,+,596,678,advanced
83,+,570,653,advanced
71,+,266,337,advanced
56,+,758,814,advanced
86,+,900,986,advanced
21,+,763,784,advanced
66,+,153,219,advanced
37,+,305,342,advanced
40,+,255,295,advanced
76,+,554,630,advanced
88,+,439,527,advanced
18,+,122,140,advanced
25,+,128,153,advanced
60,+,483,543,advanced
29,+,412,441,advanced
13,+,148,161,advanced
88,+,549,637,advanced
65,+,542,607,advanced
12,+,601,613,advanced
22,+,154,176,advanced
34,+,602,636,advanced
89,+,441,530,advanced
50,+,550,600,advanced
11,+,838,849,advanced
80,+,192,272,advanced
34,+,652,686,advanced
71,+,512,583,advanced
89,+,725,814,advanced
48,+,682,730,advanced
87,+,450,537,advanced
97,+,577,674,advanced
53,+,894,947,advanced
30,+,421,451,advanced
91,+,626,717,advanced
59,+,655,714,advanced
76,+,456,532,advanced
86,+,767,853,advanced
37,+,192,229,advanced
32,+,247,279,advanced
49,+,454,503,advanced
54,+,718,772,advanced
63,+,335,398,advanced
87,+,781,868,advanced
47,+,396,443,advanced
58,+,896,954,advanced
61,+,662,723,advanced
68,+,883,951,advanced
78,+,300,378,advanced
21,+,303,324,advanced
11,+,657,668,advanced
92,+,592,684,advanced
64,+,554,618,advanced
77,+,708,785,advanced
66,+,400,466,advanced
81,+,367,448,advanced
70,+,396,466,advanced
50,+,313,363,advanced
59,+,899,958,advanced
49,+,916,965,advanced
45,+,498,543,advanced
64,+,235,299,advanced
93,+,583,676,advanced
13,+,963,976,advanced
31,+,437,468,advanced
70,+,646,716,advanced
65,+,580,645,advanced
59,+,117,176,advanced
27,+,586,613,advanced
60,+,840,900,advanced
56,+,152,208,advanced
95,+,291,386,advanced
58,+,844,902,advanced
44,+,649,693,advanced
25,+,495,520,advanced
69,+,651,720,advanced
60,+,146,206,advanced
13,+,940,953,advanced
61,+,122,183,advanced
96,+,455,551,advanced
18,+,582,600,advanced
46,+,544,590,advanced
95,+,820,915,advanced
94,+,294,388,advanced
51,+,912,963,advanced
79,+,508,587,advanced
42,+,526,568,advanced
27,+,719,746,advanced
80,+,835,915,advanced
54,+,615,669,advanced
54,+,241,295,advanced
93,+,316,409,advanced
21,+,152,173,advanced
12,+,708,720,advanced
99,+,186,285,advanced
91,+,659,750,advanced
18,+,358,376,advanced
42,+,762,804,advanced
41,+,452,493,advanced
40,+,302,342,advanced
22,+,862,884,advanced
10,+,835,845,advanced
26,+,504,530,advanced
35,+,921,956,advanced
11,+,202,213,advanced
13,+,507,520,advanced
97,+,870,967,advanced
86,+,840,926,advanced
34,+,609,643,advanced
11,+,630,641,advanced
61,+,929,990,advanced
62,+,865,927,advanced
81,+,462,543,advanced
57,+,499,556,advanced
47,+,279,326,advanced
71,+,904,975,advanced
48,+,280,328,advanced
22,+,318,340,advanced
54,+,332,386,advanced
59,+,823,882,advanced
90,+,826,916,advanced
32,+,468,500,advanced
14,+,227,241,advanced
19,+,861,880,advanced
53,+,405,458,advanced
13,+,805,818,advanced
21,+,861,882,advanced
83,+,489,572,advanced
57,+,378,435,advanced
50,+,517,567,advanced
98,+,422,520,advanced
79,+,175,254,advanced
19,+,806,825,advanced
21,+,935,956,advanced
78,+,800,878,advanced
54,+,681,735,advanced
21,+,714,735,advanced
31,+,137,168,advanced
29,+,189,218,advanced
50,+,107,157,advanced
69,+,680,749,advanced
33,+,192,225,advanced
92,+,471,563,advanced
88,+,614,702,advanced
97,+,519,616,advanced
17,+,327,344,advanced
71,+,256,327,advanced
94,+,404,498,advanced
94,+,604,698,advanced
43,+,218,261,advanced
73,+,208,281,advanced
23,+,815,838,advanced
16,+,516,532,advanced
96,+,119,215,advanced
50,+,364,414,advanced
83,+,428,511,advanced
19,+,906,925,advanced
29,+,538,567,advanced
73,+,821,894,advanced
57,+,383,440,advanced
65,+,639,704,advanced
97,+,288,385,advanced
69,+,908,977,advanced
97,+,107,204,advanced
73,+,391,464,advanced
91,+,416,507,advanced
33,+,497,530,advanced
45,+,342,387,advanced
94,+,683,777,advanced
62,+,514,576,advanced
70,+,422,492,advanced
17,+,514,531,advanced
19,+,220,239,advanced
28,+,879,907,advanced
90,+,764,854,advanced
99,+,734,833,advanced
28,+,396,424,advanced
48,+,777,825,advanced
81,+,782,863,advanced
38,+,618,656,advanced
38,+,575,613,advanced
35,+,586,621,advanced
70,+,266,336,advanced
52,+,574,626,advanced
74,+,636,710,advanced
96,+,677,773,advanced
78,+,514,592,advanced
19,+,253,272,advanced
62,+,811,873,advanced
67,+,308,375,advanced
39,+,542,581,advanced
36,+,254,290,advanced
71,+,790,861,advanced
26,+,197,223,advanced
61,+,164,225,advanced
99,+,418,517,advanced
86,+,285,371,advanced
32,+,183,215,advanced
16,+,361,377,advanced
79,+,156,235,advanced
33,+,899,932,advanced
76,+,670,746,advanced
91,+,583,674,advanced
26,+,844,870,advanced
31,+,367,398,advanced
37,+,950,987,advanced
38,+,706,744,advanced
31,+,431,462,advanced
75,+,144,219,advanced
54,+,926,980,advanced
67,+,651,718,advanced
70,+,561,631,advanced
26,+,868,894,advanced
91,+,496,587,advanced
66,+,849,915,advanced
97,+,466,563,advanced
75,+,804,879,advanced
65,+,600,665,advanced
95,+,583,678,advanced
34,+,840,874,advanced
75,+,710,785,advanced
35,+,744,779,advanced
91,+,843,934,advanced
33,+,470,503,advanced
31,+,707,738,advanced
23,+,268,291,advanced
61,+,857,918,advanced
64,+,583,647,advanced
44,+,833,877,advanced
42,+,414,456,advanced
90,+,782,872,advanced
40,+,746,786,advanced
40,+,299,339,advanced
22,+,146,168,advanced
35,+,416,451,advanced
67,+,647,714,advanced
87,+,252,339,advanced
94,+,420,514,advanced
98,+,446,544,advanced
85,+,641,726,advanced
17,+,553,570,advanced
45,+,391,436,advanced
29,+,667,696,advanced
88,+,437,525,advanced
81,+,643,724,advanced
42,+,218,260,advanced
25,+,345,370,advanced
10,+,691,701,advanced
40,+,834,874,advanced
66,+,693,759,advanced
96,+,491,587,advanced
70,+,151,221,advanced
60,+,282,342,advanced
36,+,701,737,advanced
50,+,604,654,advanced
27,+,483,510,advanced
19,+,222,241,advanced
93,+,439,532,advanced
52,+,872,924,advanced
32,+,937,969,advanced
41,+,702,743,advanced
55,+,273,328,advanced
29,+,662,691,advanced
45,+,915,960,advanced
73,+,325,398,advanced
96,+,837,933,advanced
30,+,423,453,advanced
39,+,430,469,advanced
17,+,808,825,advanced
20,+,799,819,advanced
88,+,399,487,advanced
55,+,705,760,advanced
71,+,286,357,advanced
97,+,310,407,advanced
54,+,436,490,advanced
75,+,639,714,advanced
67,+,147,214,advanced
29,+,657,686,advanced
59,+,122,181,advanced
92,+,511,603,advanced
88,+,791,879,advanced
72,+,755,827,advanced
54,+,656,710,advanced
23,+,524,547,advanced
82,+,570,652,advanced
27,+,718,745,advanced
88,+,164,252,advanced
35,+,257,292,advanced
89,+,789,878,advanced
27,+,200,227,advanced
85,+,818,903,advanced
73,+,835,908,advanced
38,+,409,447,advanced
91,+,603,694,advanced
29,+,679,708,advanced
37,+,842,879,advanced
84,+,675,759,advanced
48,+,232,280,advanced
31,+,300,331,advanced
15,+,464,479,advanced
49,+,662,711,advanced
12,+,796,808,advanced
34,+,554,588,advanced
17,+,983,1000,advanced
41,+,180,221,advanced
53,+,739,792,advanced
44,+,207,251,advanced
50,+,541,591,advanced
11,+,597,608,advanced
39,+,325,364,advanced
16,+,594,610,advanced
25,+,671,696,advanced
73,+,825,898,advanced
51,+,294,345,advanced
18,+,788,806,advanced
89,+,670,759,advanced
91,+,528,619,advanced
90,+,561,651,advanced
28,+,861,889,advanced
50,+,757,807,advanced
68,+,426,494,advanced
30,+,490,520,advanced
82,+,200,282,advanced
55,+,717,772,advanced
43,+,352,395,advanced
89,+,724,813,advanced
88,+,764,852,advanced
62,+,611,673,advanced
29,+,526,555,advanced
34,+,788,822,advanced
38,+,426,464,advanced
59,+,778,837,advanced
21,+,831,852,advanced
86,+,485,571,advanced
83,+,871,954,advanced
45,+,326,371,advanced
64,+,259,323,advanced
70,+,295,365,advanced
76,+,465,541,advanced
68,+,686,754,advanced
93,+,280,373,advanced
71,+,367,438,advanced
66,+,761,827,advanced
81,+,304,385,advanced
15,+,458,473,advanced
41,+,854,895,advanced
47,+,523,570,advanced
15,+,218,233,advanced
45,+,197,242,advanced
82,+,521,603,advanced
29,+,849,878,advanced
92,+,190,282,advanced
54,+,264,318,advanced
20,+,606,626,advanced
61,+,210,271,advanced
88,+,899,987,advanced
85,+,534,619,advanced
46,+,151,197,advanced
61,+,297,358,advanced
11,+,297,308,advanced
75,+,176,251,advanced
63,+,434,497,advanced
85,+,821,906,advanced
89,+,694,783,advanced
70,+,420,490,advanced
11,+,472,483,advanced
27,+,714,741,advanced
80,+,626,706,advanced
25,+,567,592,advanced
76,+,757,833,advanced
12,+,658,670,advanced
61,+,507,568,advanced
49,+,612,661,advanced
43,+,189,232,advanced
34,+,752,786,advanced
25,+,560,585,advanced
97,+,869,966,advanced
79,+,877,956,advanced
14,+,292,306,advanced
56,+,848,904,advanced
11,+,952,963,advanced
61,+,108,169,advanced
85,+,486,571,advanced
93,+,548,641,advanced
29,+,859,888,advanced
64,+,772,836,advanced
81,+,847,928,advanced
23,+,433,456,advanced
93,+,683,776,advanced
47,+,154,201,advanced
89,+,371,460,advanced
43,+,878,921,advanced
21,+,305,326,advanced
53,+,622,675,advanced
44,+,259,303,advanced
65,+,349,414,advanced
55,+,455,510,advanced
14,+,975,989,advanced
16,+,220,236,advanced
25,+,168,193,advanced
52,+,514,566,advanced
17,+,657,674,advanced
49,+,237,286,advanced
81,+,740,821,advanced
60,+,220,280,advanced
34,+,489,523,advanced
46,+,567,613,advanced
59,+,846,905,advanced
79,+,139,218,advanced
62,+,292,354,advanced
57,+,348,405,advanced
46,+,425,471,advanced
37,+,512,549,advanced
79,+,461,540,advanced
58,+,425,483,advanced
93,+,590,683,advanced
85,+,860,945,advanced
60,+,544,604,advanced
12,+,343,355,advanced
95,+,766,861,advanced
90,+,699,789,advanced
33,+,865,898,advanced
23,+,849,872,advanced
38,+,364,402,advanced
71,+,501,572,advanced
37,+,506,543,advanced
86,+,648,734,advanced
72,+,768,840,advanced
53,+,800,853,advanced
83,+,798,881,advanced
55,+,366,421,advanced
98,+,110,208,advanced
17,+,928,945,advanced
42,+,487,529,advanced
70,+,769,839,advanced
31,+,400,431,advanced
79,+,453,532,advanced
99,+,815,914,advanced
68,+,321,389,advanced
22,+,611,633,advanced
17,+,570,587,advanced
41,+,593,634,advanced
74,+,385,459,advanced
14,+,125,139,advanced
67,+,327,394,advanced
86,+,503,589,advanced
21,+,194,215,advanced
12,+,527,539,advanced
23,+,758,781,advanced
86,+,165,251,advanced
99,+,770,869,advanced
49,+,335,384,advanced
59,+,563,622,advanced
14,+,396,410,advanced
70,+,842,912,advanced
81,+,494,575,advanced
70,+,659,729,advanced
66,+,878,944,advanced
26,+,513,539,advanced
80,+,818,898,advanced
27,+,699,726,advanced
11,+,270,281,advanced
11,+,205,216,advanced
90,+,274,364,advanced
30,+,437,467,advanced
88,+,561,649,advanced
13,+,806,819,advanced
31,+,938,969,advanced
97,+,867,964,advanced
28,+,330,358,advanced
31,+,319,350,advanced
34,+,395,429,advanced
26,+,156,182,advanced
27,+,657,684,advanced
97,+,325,422,advanced
99,+,710,809,advanced
79,+,416,495,advanced
74,+,908,982,advanced
13,+,286,299,advanced
74,+,353,427,advanced
59,+,184,243,advanced
28,+,303,331,advanced
17,+,372,389,advanced
52,+,133,185,advanced
67,+,867,934,advanced
17,+,594,611,advanced
11,+,401,412,advanced
56,+,332,388,advanced
76,+,715,791,advanced
96,+,866,962,advanced
75,+,183,258,advanced
50,+,267,317,advanced
69,+,340,409,advanced
76,+,514,590,advanced
18,+,118,136,advanced
23,+,159,182,advanced
34,+,648,682,advanced
97,+,585,682,advanced
91,+,197,288,advanced
85,+,183,268,advanced
18,+,408,426,advanced
61,+,238,299,advanced
31,+,279,310,advanced
27,+,854,881,advanced
71,+,248,319,advanced
47,+,148,195,advanced
98,+,432,530,advanced
62,+,196,258,advanced
94,+,131,225,advanced
40,+,115,155,advanced
24,+,264,288,advanced
19,+,678,697,advanced
49,+,901,950,advanced
51,+,454,505,advanced
79,+,232,311,advanced
96,+,280,376,advanced
48,+,427,475,advanced
44,+,825,869,advanced
35,+,321,356,advanced
31,+,766,797,advanced
78,+,234,312,advanced
32,+,744,776,advanced
13,+,761,774,advanced
88,+,235,323,advanced
44,+,101,145,advanced
20,+,651,671,advanced
71,+,215,286,advanced
35,+,634,669,advanced
81,+,118,199,advanced
50,+,464,514,advanced
69,+,208,277,advanced
99,+,457,556,advanced
36,+,132,168,advanced
28,+,505,533,advanced
81,+,549,630,advanced
30,+,123,153,advanced
75,+,635,710,advanced
56,+,103,159,advanced
50,+,288,338,advanced
39,+,533,572,advanced
37,+,299,336,advanced
90,+,604,694,advanced
87,+,658,745,advanced
70,+,419,489,advanced
98,+,558,656,advanced
80,+,328,408,advanced
92,+,320,412,advanced
53,+,548,601,advanced
15,+,106,121,advanced
94,+,665,759,advanced
47,+,156,203,advanced
65,+,730,795,advanced
92,+,650,742,advanced
98,+,894,992,advanced
62,+,636,698,advanced
22,+,514,536,advanced
69,+,194,263,advanced
87,+,540,627,advanced
65,+,284,349,advanced
35,+,202,237,advanced
98,+,140,238,advanced
12,+,937,949,advanced
66,+,278,344,advanced
60,+,567,627,advanced
63,+,770,833,advanced
52,+,336,388,advanced
46,+,335,381,advanced
68,+,921,989,advanced
47,+,168,215,advanced
89,+,655,744,advanced
88,+,697,785,advanced
74,+,306,380,advanced
65,+,729,794,advanced
71,+,239,310,advanced
12,+,789,801,advanced
58,+,330,388,advanced
58,+,564,622,advanced
42,+,264,306,advanced
33,+,565,598,advanced
96,+,833,929,advanced
14,+,600,614,advanced
18,+,518,536,advanced
64,+,382,446,advanced
76,+,841,917,advanced
73,+,195,268,advanced
41,+,396,437,advanced
61,+,642,703,advanced
70,+,492,562,advanced
13,+,860,873,advanced
86,+,144,230,advanced
54,+,376,430,advanced
69,+,644,713,advanced
62,+,299,361,advanced
32,+,659,691,advanced
86,+,515,601,advanced
56,+,389,445,advanced
49,+,918,967,advanced
76,+,767,843,advanced
36,+,499,535,advanced
72,+,242,314,advanced
49,+,823,872,advanced
41,+,354,395,advanced
76,+,864,940,advanced
85,+,135,220,advanced
79,+,905,984,advanced
25,+,766,791,advanced
16,+,287,303,advanced
99,+,593,692,advanced
14,+,621,635,advanced
33,+,380,413,advanced
64,+,713,777,advanced
42,+,668,710,advanced
72,+,424,496,advanced
86,+,129,215,advanced
23,+,169,192,advanced
51,+,793,844,advanced
12,+,118,130,advanced
76,+,408,484,advanced
17,+,933,950,advanced
17,+,205,222,advanced
71,+,701,772,advanced
37,+,237,274,advanced
29,+,506,535,advanced
38,+,950,988,advanced
85,+,227,312,advanced
84,+,224,308,advanced
60,+,148,208,advanced
72,+,709,781,advanced
44,+,318,362,advanced
66,+,105,171,advanced
72,+,593,665,advanced
24,+,926,950,advanced
72,+,748,820,advanced
94,+,654,748,advanced
45,+,343,388,advanced
97,+,166,263,advanced
85,+,542,627,advanced
51,+,840,891,advanced
99,+,163,262,advanced
48,+,348,396,advanced
13,+,501,514,advanced
29,+,604,633,advanced
86,+,750,836,advanced
98,+,706,804,advanced
54,+,125,179,advanced
21,+,247,268,advanced
94,+,393,487,advanced
57,+,389,446,advanced
24,+,677,701,advanced
77,+,419,496,advanced
44,+,394,438,advanced
98,+,468,566,advanced
19,+,358,377,advanced
58,+,874,932,advanced
89,+,613,702,advanced
79,+,163,242,advanced
47,+,219,266,advanced
17,+,211,228,advanced
97,+,184,281,advanced
32,+,642,674,advanced
31,+,798,829,advanced
89,+,103,192,advanced
14,+,444,458,advanced
74,+,285,359,advanced
22,+,951,973,advanced
31,+,283,314,advanced
65,+,745,810,advanced
75,+,653,728,advanced
49,+,673,722,advanced
59,+,453,512,advanced
49,+,636,685,advanced
13,+,753,766,advanced
44,+,202,246,advanced
41,+,432,473,advanced
90,+,630,720,advanced
83,+,207,290,advanced
25,+,710,735,advanced
21,+,859,880,advanced
17,+,539,556,advanced
56,+,197,253,advanced
68,+,165,233,advanced
76,+,717,793,advanced
15,+,945,960,advanced
71,+,632,703,advanced
76,+,768,844,advanced
71,+,135,206,advanced
56,+,202,258,advanced
36,+,520,556,advanced
95,+,308,403,advanced
49,+,163,212,advanced
37,+,372,409,advanced
97,+,399,496,advanced
87,+,905,992,advanced
22,+,181,203,advanced
96,+,205,301,advanced
31,+,234,265,advanced
65,+,531,596,advanced
94,+,838,932,advanced
82,+,142,224,advanced
69,+,241,310,advanced
58,+,131,189,advanced
26,+,897,923,advanced
62,+,842,904,advanced
19,+,371,390,advanced
97,+,880,977,advanced
91,+,645,736,advanced
96,+,724,820,advanced
64,+,798,862,advanced
12,+,341,353,advanced
32,+,255,287,advanced
24,+,234,258,advanced
15,+,351,366,advanced
54,+,847,901,advanced
60,+,241,301,advanced
71,+,800,871,advanced
27,+,811,838,advanced
79,+,606,685,advanced
73,+,199,272,advanced
37,+,719,756,advanced
39,+,203,242,advanced
24,+,504,528,advanced
71,+,686,757,advanced
73,+,720,793,advanced
18,+,468,486,advanced
60,+,704,764,advanced
92,+,296,388,advanced
72,+,416,488,advanced
15,+,686,701,advanced
63,+,312,375,advanced
85,+,380,465,advanced
68,+,501,569,advanced
57,+,775,832,advanced
92,+,772,864,advanced
99,+,854,953,advanced
56,+,316,372,advanced
44,+,225,269,advanced
98,+,220,318,advanced
44,+,577,621,advanced
41,+,650,691,advanced
20,+,590,610,advanced
84,+,771,855,advanced
95,+,121,216,advanced
83,+,276,359,advanced
56,+,923,979,advanced
79,+,765,844,advanced
92,+,867,959,advanced
86,+,180,266,advanced
