variable1,operator,variable2,result,difficulty_level
6,-,3,3,easy
6,-,0,6,easy
3,-,0,3,easy
1,-,1,0,easy
5,-,1,4,easy
2,-,0,2,easy
6,-,6,0,easy
9,-,1,8,easy
8,-,4,4,easy
9,-,2,7,easy
5,-,0,5,easy
7,-,0,7,easy
9,-,3,6,easy
4,-,1,3,easy
5,-,3,2,easy
10,-,0,10,easy
4,-,0,4,easy
5,-,5,0,easy
9,-,7,2,easy
4,-,2,2,easy
2,-,1,1,easy
4,-,4,0,easy
5,-,4,1,easy
0,-,0,0,easy
8,-,6,2,easy
3,-,1,2,easy
6,-,4,2,easy
5,-,2,3,easy
10,-,5,5,easy
2,-,2,0,easy
9,-,8,1,easy
1,-,0,1,easy
7,-,5,2,easy
3,-,2,1,easy
6,-,2,4,easy
7,-,6,1,easy
8,-,0,8,easy
8,-,1,7,easy
10,-,6,4,easy
8,-,7,1,easy
4,-,3,1,easy
8,-,3,5,easy
7,-,3,4,easy
9,-,5,4,easy
9,-,4,5,easy
8,-,8,0,easy
7,-,4,3,easy
10,-,8,2,easy
8,-,2,6,easy
6,-,5,1,easy
7,-,7,0,easy
10,-,10,0,easy
8,-,5,3,easy
10,-,7,3,easy
6,-,1,5,easy
7,-,1,6,easy
3,-,3,0,easy
9,-,9,0,easy
7,-,2,5,easy
9,-,0,9,easy
10,-,4,6,easy
10,-,2,8,easy
9,-,6,3,easy
10,-,9,1,easy
10,-,1,9,easy
10,-,3,7,easy
67,-,4,63,easy-medium
11,-,1,10,easy-medium
53,-,1,52,easy-medium
13,-,3,10,easy-medium
35,-,4,31,easy-medium
86,-,6,80,easy-medium
94,-,1,93,easy-medium
61,-,1,60,easy-medium
50,-,8,42,easy-medium
82,-,2,80,easy-medium
76,-,5,71,easy-medium
96,-,5,91,easy-medium
92,-,2,90,easy-medium
87,-,5,82,easy-medium
13,-,1,12,easy-medium
25,-,3,22,easy-medium
96,-,4,92,easy-medium
86,-,1,85,easy-medium
68,-,5,63,easy-medium
98,-,3,95,easy-medium
24,-,1,23,easy-medium
91,-,1,90,easy-medium
21,-,1,20,easy-medium
67,-,5,62,easy-medium
86,-,3,83,easy-medium
24,-,3,21,easy-medium
93,-,1,92,easy-medium
47,-,5,42,easy-medium
23,-,1,22,easy-medium
79,-,8,71,easy-medium
95,-,1,94,easy-medium
73,-,1,72,easy-medium
53,-,3,50,easy-medium
17,-,3,14,easy-medium
42,-,2,40,easy-medium
88,-,6,82,easy-medium
36,-,2,34,easy-medium
26,-,2,24,easy-medium
76,-,3,73,easy-medium
97,-,3,94,easy-medium
48,-,2,46,easy-medium
55,-,2,53,easy-medium
59,-,2,57,easy-medium
32,-,1,31,easy-medium
80,-,5,75,easy-medium
68,-,1,67,easy-medium
89,-,5,84,easy-medium
58,-,8,50,easy-medium
47,-,4,43,easy-medium
31,-,1,30,easy-medium
97,-,2,95,easy-medium
32,-,2,30,easy-medium
81,-,1,80,easy-medium
23,-,3,20,easy-medium
48,-,1,47,easy-medium
68,-,3,65,easy-medium
93,-,2,91,easy-medium
66,-,4,62,easy-medium
43,-,1,42,easy-medium
51,-,1,50,easy-medium
56,-,6,50,easy-medium
95,-,3,92,easy-medium
26,-,5,21,easy-medium
30,-,2,28,easy-medium
41,-,1,40,easy-medium
54,-,1,53,easy-medium
96,-,6,90,easy-medium
83,-,3,80,easy-medium
63,-,1,62,easy-medium
64,-,3,61,easy-medium
66,-,1,65,easy-medium
65,-,2,63,easy-medium
47,-,3,44,easy-medium
39,-,2,37,easy-medium
80,-,4,76,easy-medium
70,-,3,67,easy-medium
35,-,2,33,easy-medium
49,-,9,40,easy-medium
80,-,9,71,easy-medium
75,-,3,72,easy-medium
96,-,2,94,easy-medium
40,-,2,38,easy-medium
68,-,6,62,easy-medium
97,-,1,96,easy-medium
52,-,2,50,easy-medium
71,-,1,70,easy-medium
37,-,1,36,easy-medium
74,-,3,71,easy-medium
74,-,2,72,easy-medium
72,-,2,70,easy-medium
42,-,1,41,easy-medium
68,-,8,60,easy-medium
62,-,1,61,easy-medium
98,-,1,97,easy-medium
83,-,2,81,easy-medium
28,-,7,21,easy-medium
99,-,2,97,easy-medium
77,-,5,72,easy-medium
83,-,1,82,easy-medium
38,-,2,36,easy-medium
66,-,2,64,easy-medium
29,-,4,25,easy-medium
24,-,2,22,easy-medium
40,-,8,32,easy-medium
14,-,1,13,easy-medium
47,-,2,45,easy-medium
45,-,2,43,easy-medium
18,-,5,13,easy-medium
20,-,4,16,easy-medium
58,-,5,53,easy-medium
27,-,5,22,easy-medium
37,-,4,33,easy-medium
65,-,5,60,easy-medium
49,-,5,44,easy-medium
66,-,6,60,easy-medium
66,-,5,61,easy-medium
14,-,4,10,easy-medium
46,-,5,41,easy-medium
62,-,2,60,easy-medium
70,-,4,66,easy-medium
18,-,4,14,easy-medium
17,-,5,12,easy-medium
57,-,1,56,easy-medium
17,-,1,16,easy-medium
67,-,7,60,easy-medium
70,-,8,62,easy-medium
56,-,2,54,easy-medium
34,-,3,31,easy-medium
99,-,8,91,easy-medium
98,-,2,96,easy-medium
46,-,6,40,easy-medium
45,-,3,42,easy-medium
37,-,6,31,easy-medium
29,-,1,28,easy-medium
79,-,1,78,easy-medium
59,-,8,51,easy-medium
69,-,3,66,easy-medium
89,-,6,83,easy-medium
79,-,7,72,easy-medium
40,-,7,33,easy-medium
29,-,5,24,easy-medium
59,-,5,54,easy-medium
59,-,6,53,easy-medium
52,-,1,51,easy-medium
85,-,5,80,easy-medium
48,-,5,43,easy-medium
44,-,2,42,easy-medium
45,-,1,44,easy-medium
78,-,6,72,easy-medium
73,-,2,71,easy-medium
49,-,3,46,easy-medium
15,-,5,10,easy-medium
80,-,8,72,easy-medium
38,-,8,30,easy-medium
39,-,4,35,easy-medium
92,-,1,91,easy-medium
65,-,1,64,easy-medium
77,-,1,76,easy-medium
14,-,3,11,easy-medium
50,-,3,47,easy-medium
37,-,7,30,easy-medium
99,-,3,96,easy-medium
84,-,4,80,easy-medium
70,-,5,65,easy-medium
58,-,6,52,easy-medium
54,-,2,52,easy-medium
34,-,1,33,easy-medium
43,-,3,40,easy-medium
37,-,3,34,easy-medium
99,-,5,94,easy-medium
69,-,9,60,easy-medium
27,-,7,20,easy-medium
76,-,2,74,easy-medium
28,-,2,26,easy-medium
35,-,1,34,easy-medium
73,-,3,70,easy-medium
48,-,3,45,easy-medium
26,-,3,23,easy-medium
49,-,2,47,easy-medium
25,-,4,21,easy-medium
64,-,2,62,easy-medium
46,-,4,42,easy-medium
47,-,1,46,easy-medium
28,-,6,22,easy-medium
94,-,3,91,easy-medium
97,-,7,90,easy-medium
18,-,6,12,easy-medium
94,-,4,90,easy-medium
93,-,3,90,easy-medium
60,-,4,56,easy-medium
20,-,6,14,easy-medium
55,-,1,54,easy-medium
54,-,4,50,easy-medium
90,-,9,81,easy-medium
66,-,3,63,easy-medium
29,-,9,20,easy-medium
44,-,1,43,easy-medium
76,-,6,70,easy-medium
80,-,3,77,easy-medium
85,-,1,84,easy-medium
65,-,4,61,easy-medium
44,-,3,41,easy-medium
79,-,6,73,easy-medium
39,-,1,38,easy-medium
19,-,8,11,easy-medium
87,-,4,83,easy-medium
14,-,2,12,easy-medium
33,-,2,31,easy-medium
15,-,2,13,easy-medium
98,-,8,90,easy-medium
40,-,6,34,easy-medium
70,-,1,69,easy-medium
22,-,1,21,easy-medium
74,-,4,70,easy-medium
30,-,6,24,easy-medium
87,-,7,80,easy-medium
19,-,6,13,easy-medium
16,-,4,12,easy-medium
39,-,5,34,easy-medium
90,-,1,89,easy-medium
45,-,5,40,easy-medium
39,-,8,31,easy-medium
56,-,3,53,easy-medium
18,-,1,17,easy-medium
96,-,3,93,easy-medium
86,-,4,82,easy-medium
28,-,3,25,easy-medium
84,-,2,82,easy-medium
20,-,2,18,easy-medium
24,-,4,20,easy-medium
70,-,2,68,easy-medium
20,-,8,12,easy-medium
15,-,3,12,easy-medium
17,-,2,15,easy-medium
57,-,7,50,easy-medium
39,-,7,32,easy-medium
48,-,4,44,easy-medium
36,-,3,33,easy-medium
57,-,6,51,easy-medium
75,-,4,71,easy-medium
46,-,2,44,easy-medium
69,-,2,67,easy-medium
50,-,9,41,easy-medium
60,-,5,55,easy-medium
76,-,4,72,easy-medium
27,-,2,25,easy-medium
16,-,5,11,easy-medium
29,-,3,26,easy-medium
48,-,6,42,easy-medium
43,-,2,41,easy-medium
36,-,5,31,easy-medium
90,-,8,82,easy-medium
13,-,2,11,easy-medium
79,-,4,75,easy-medium
77,-,6,71,easy-medium
75,-,2,73,easy-medium
57,-,5,52,easy-medium
85,-,3,82,easy-medium
77,-,7,70,easy-medium
35,-,5,30,easy-medium
89,-,3,86,easy-medium
20,-,7,13,easy-medium
19,-,2,17,easy-medium
88,-,2,86,easy-medium
33,-,3,30,easy-medium
34,-,2,32,easy-medium
82,-,1,81,easy-medium
35,-,3,32,easy-medium
28,-,4,24,easy-medium
89,-,1,88,easy-medium
23,-,2,21,easy-medium
86,-,2,84,easy-medium
44,-,4,40,easy-medium
58,-,7,51,easy-medium
69,-,7,62,easy-medium
80,-,1,79,easy-medium
59,-,4,55,easy-medium
78,-,4,74,easy-medium
26,-,1,25,easy-medium
40,-,1,39,easy-medium
19,-,4,15,easy-medium
55,-,5,50,easy-medium
29,-,8,21,easy-medium
67,-,3,64,easy-medium
88,-,4,84,easy-medium
17,-,7,10,easy-medium
67,-,6,61,easy-medium
48,-,8,40,easy-medium
87,-,3,84,easy-medium
58,-,4,54,easy-medium
69,-,1,68,easy-medium
88,-,5,83,easy-medium
33,-,1,32,easy-medium
30,-,9,21,easy-medium
54,-,3,51,easy-medium
26,-,4,22,easy-medium
22,-,2,20,easy-medium
72,-,1,71,easy-medium
95,-,4,91,easy-medium
77,-,2,75,easy-medium
95,-,2,93,easy-medium
12,-,1,11,easy-medium
30,-,1,29,easy-medium
39,-,3,36,easy-medium
16,-,6,10,easy-medium
25,-,5,20,easy-medium
38,-,4,34,easy-medium
96,-,1,95,easy-medium
68,-,4,64,easy-medium
99,-,4,95,easy-medium
12,-,2,10,easy-medium
30,-,8,22,easy-medium
65,-,3,62,easy-medium
18,-,7,11,easy-medium
38,-,7,31,easy-medium
78,-,2,76,easy-medium
18,-,3,15,easy-medium
60,-,8,52,easy-medium
89,-,8,81,easy-medium
69,-,4,65,easy-medium
64,-,1,63,easy-medium
16,-,3,13,easy-medium
88,-,1,87,easy-medium
27,-,4,23,easy-medium
49,-,4,45,easy-medium
98,-,7,91,easy-medium
49,-,6,43,easy-medium
97,-,6,91,easy-medium
25,-,1,24,easy-medium
59,-,7,52,easy-medium
90,-,4,86,easy-medium
34,-,4,30,easy-medium
89,-,9,80,easy-medium
25,-,2,23,easy-medium
86,-,5,81,easy-medium
55,-,4,51,easy-medium
85,-,4,81,easy-medium
45,-,4,41,easy-medium
37,-,2,35,easy-medium
98,-,4,94,easy-medium
87,-,2,85,easy-medium
56,-,5,51,easy-medium
27,-,3,24,easy-medium
53,-,2,51,easy-medium
28,-,8,20,easy-medium
36,-,4,32,easy-medium
55,-,3,52,easy-medium
80,-,6,74,easy-medium
56,-,4,52,easy-medium
67,-,2,65,easy-medium
58,-,1,57,easy-medium
75,-,1,74,easy-medium
50,-,6,44,easy-medium
95,-,5,90,easy-medium
74,-,1,73,easy-medium
85,-,2,83,easy-medium
79,-,5,74,easy-medium
78,-,5,73,easy-medium
97,-,4,93,easy-medium
76,-,1,75,easy-medium
37,-,5,32,easy-medium
57,-,2,55,easy-medium
28,-,5,23,easy-medium
84,-,3,81,easy-medium
59,-,3,56,easy-medium
38,-,3,35,easy-medium
63,-,3,60,easy-medium
60,-,9,51,easy-medium
79,-,3,76,easy-medium
98,-,6,92,easy-medium
90,-,7,83,easy-medium
40,-,5,35,easy-medium
49,-,7,42,easy-medium
88,-,3,85,easy-medium
84,-,1,83,easy-medium
98,-,5,93,easy-medium
90,-,2,88,easy-medium
15,-,1,14,easy-medium
75,-,5,70,easy-medium
52,-,47,5,medium
94,-,10,84,medium
64,-,32,32,medium
14,-,10,4,medium
81,-,61,20,medium
63,-,61,2,medium
37,-,17,20,medium
49,-,32,17,medium
99,-,83,16,medium
52,-,26,26,medium
36,-,32,4,medium
64,-,29,35,medium
66,-,42,24,medium
89,-,62,27,medium
77,-,46,31,medium
54,-,16,38,medium
22,-,14,8,medium
44,-,19,25,medium
12,-,12,0,medium
40,-,19,21,medium
65,-,26,39,medium
54,-,31,23,medium
15,-,10,5,medium
89,-,25,64,medium
86,-,60,26,medium
74,-,28,46,medium
16,-,16,0,medium
91,-,49,42,medium
83,-,35,48,medium
10,-,10,0,medium
50,-,33,17,medium
55,-,22,33,medium
44,-,14,30,medium
37,-,19,18,medium
73,-,14,59,medium
78,-,26,52,medium
65,-,45,20,medium
12,-,10,2,medium
90,-,37,53,medium
40,-,23,17,medium
56,-,11,45,medium
45,-,27,18,medium
18,-,16,2,medium
80,-,67,13,medium
48,-,28,20,medium
54,-,50,4,medium
90,-,82,8,medium
32,-,21,11,medium
84,-,60,24,medium
32,-,20,12,medium
45,-,28,17,medium
26,-,19,7,medium
21,-,14,7,medium
78,-,48,30,medium
95,-,89,6,medium
11,-,11,0,medium
82,-,62,20,medium
37,-,16,21,medium
77,-,68,9,medium
70,-,65,5,medium
58,-,15,43,medium
85,-,23,62,medium
84,-,27,57,medium
14,-,12,2,medium
53,-,20,33,medium
77,-,29,48,medium
69,-,25,44,medium
24,-,21,3,medium
56,-,38,18,medium
57,-,30,27,medium
29,-,25,4,medium
27,-,17,10,medium
65,-,47,18,medium
33,-,12,21,medium
14,-,11,3,medium
89,-,86,3,medium
11,-,10,1,medium
49,-,15,34,medium
41,-,23,18,medium
35,-,18,17,medium
59,-,43,16,medium
76,-,19,57,medium
38,-,26,12,medium
28,-,21,7,medium
80,-,34,46,medium
64,-,19,45,medium
97,-,37,60,medium
45,-,30,15,medium
34,-,33,1,medium
29,-,11,18,medium
15,-,12,3,medium
76,-,11,65,medium
79,-,50,29,medium
52,-,27,25,medium
58,-,31,27,medium
38,-,20,18,medium
74,-,17,57,medium
64,-,43,21,medium
15,-,13,2,medium
55,-,54,1,medium
23,-,17,6,medium
71,-,11,60,medium
88,-,12,76,medium
92,-,69,23,medium
17,-,12,5,medium
62,-,54,8,medium
14,-,13,1,medium
80,-,77,3,medium
88,-,29,59,medium
90,-,67,23,medium
15,-,15,0,medium
59,-,59,0,medium
76,-,36,40,medium
43,-,29,14,medium
36,-,18,18,medium
98,-,56,42,medium
87,-,13,74,medium
45,-,45,0,medium
83,-,23,60,medium
66,-,15,51,medium
23,-,22,1,medium
95,-,57,38,medium
41,-,34,7,medium
51,-,32,19,medium
96,-,60,36,medium
95,-,87,8,medium
59,-,57,2,medium
79,-,49,30,medium
77,-,27,50,medium
68,-,63,5,medium
35,-,31,4,medium
56,-,55,1,medium
55,-,49,6,medium
27,-,14,13,medium
40,-,25,15,medium
45,-,33,12,medium
24,-,19,5,medium
91,-,79,12,medium
43,-,10,33,medium
99,-,61,38,medium
99,-,80,19,medium
25,-,20,5,medium
73,-,21,52,medium
50,-,42,8,medium
44,-,29,15,medium
26,-,15,11,medium
59,-,55,4,medium
84,-,78,6,medium
36,-,14,22,medium
46,-,16,30,medium
56,-,49,7,medium
55,-,44,11,medium
43,-,34,9,medium
28,-,23,5,medium
55,-,26,29,medium
27,-,20,7,medium
91,-,39,52,medium
17,-,14,3,medium
34,-,25,9,medium
77,-,37,40,medium
24,-,18,6,medium
29,-,19,10,medium
45,-,12,33,medium
70,-,48,22,medium
24,-,23,1,medium
88,-,42,46,medium
60,-,11,49,medium
84,-,55,29,medium
68,-,43,25,medium
41,-,20,21,medium
24,-,20,4,medium
60,-,41,19,medium
70,-,18,52,medium
25,-,12,13,medium
97,-,74,23,medium
75,-,55,20,medium
50,-,17,33,medium
71,-,68,3,medium
29,-,22,7,medium
93,-,21,72,medium
84,-,49,35,medium
56,-,29,27,medium
30,-,16,14,medium
49,-,18,31,medium
63,-,38,25,medium
41,-,15,26,medium
35,-,24,11,medium
76,-,39,37,medium
24,-,17,7,medium
76,-,55,21,medium
74,-,23,51,medium
34,-,10,24,medium
75,-,61,14,medium
19,-,14,5,medium
92,-,72,20,medium
90,-,63,27,medium
40,-,22,18,medium
20,-,14,6,medium
80,-,76,4,medium
67,-,49,18,medium
61,-,45,16,medium
76,-,37,39,medium
60,-,22,38,medium
91,-,70,21,medium
68,-,35,33,medium
30,-,26,4,medium
97,-,46,51,medium
81,-,73,8,medium
84,-,53,31,medium
49,-,21,28,medium
17,-,16,1,medium
57,-,42,15,medium
62,-,38,24,medium
72,-,59,13,medium
44,-,28,16,medium
46,-,17,29,medium
67,-,12,55,medium
49,-,49,0,medium
42,-,39,3,medium
18,-,12,6,medium
34,-,27,7,medium
36,-,35,1,medium
72,-,49,23,medium
48,-,21,27,medium
79,-,42,37,medium
25,-,17,8,medium
84,-,70,14,medium
21,-,19,2,medium
88,-,66,22,medium
33,-,27,6,medium
40,-,14,26,medium
56,-,32,24,medium
83,-,15,68,medium
95,-,26,69,medium
60,-,14,46,medium
73,-,27,46,medium
19,-,16,3,medium
76,-,28,48,medium
53,-,43,10,medium
99,-,54,45,medium
21,-,12,9,medium
60,-,23,37,medium
79,-,48,31,medium
95,-,59,36,medium
63,-,28,35,medium
80,-,42,38,medium
54,-,30,24,medium
54,-,15,39,medium
74,-,55,19,medium
38,-,30,8,medium
48,-,39,9,medium
48,-,35,13,medium
82,-,66,16,medium
85,-,48,37,medium
58,-,51,7,medium
73,-,41,32,medium
96,-,37,59,medium
93,-,88,5,medium
50,-,28,22,medium
46,-,24,22,medium
13,-,12,1,medium
91,-,41,50,medium
77,-,14,63,medium
28,-,16,12,medium
95,-,86,9,medium
78,-,32,46,medium
35,-,27,8,medium
55,-,23,32,medium
97,-,94,3,medium
52,-,50,2,medium
24,-,14,10,medium
63,-,13,50,medium
48,-,22,26,medium
26,-,12,14,medium
95,-,17,78,medium
54,-,29,25,medium
53,-,42,11,medium
59,-,47,12,medium
56,-,56,0,medium
37,-,20,17,medium
96,-,39,57,medium
84,-,64,20,medium
80,-,66,14,medium
42,-,11,31,medium
42,-,32,10,medium
96,-,74,22,medium
56,-,22,34,medium
25,-,18,7,medium
90,-,73,17,medium
64,-,54,10,medium
84,-,36,48,medium
32,-,22,10,medium
20,-,12,8,medium
33,-,18,15,medium
26,-,13,13,medium
61,-,28,33,medium
94,-,84,10,medium
57,-,45,12,medium
35,-,14,21,medium
96,-,64,32,medium
38,-,37,1,medium
60,-,17,43,medium
68,-,48,20,medium
75,-,54,21,medium
26,-,21,5,medium
51,-,25,26,medium
22,-,15,7,medium
93,-,41,52,medium
91,-,38,53,medium
17,-,10,7,medium
43,-,43,0,medium
51,-,15,36,medium
25,-,21,4,medium
71,-,18,53,medium
35,-,17,18,medium
38,-,13,25,medium
38,-,38,0,medium
64,-,39,25,medium
23,-,12,11,medium
64,-,58,6,medium
93,-,61,32,medium
49,-,36,13,medium
37,-,28,9,medium
76,-,22,54,medium
27,-,26,1,medium
93,-,55,38,medium
20,-,18,2,medium
16,-,11,5,medium
44,-,37,7,medium
82,-,42,40,medium
94,-,52,42,medium
59,-,11,48,medium
59,-,41,18,medium
74,-,20,54,medium
99,-,99,0,medium
41,-,17,24,medium
81,-,21,60,medium
23,-,18,5,medium
80,-,18,62,medium
68,-,23,45,medium
50,-,46,4,medium
80,-,70,10,medium
89,-,45,44,medium
93,-,46,47,medium
70,-,30,40,medium
89,-,66,23,medium
21,-,20,1,medium
72,-,55,17,medium
84,-,80,4,medium
32,-,28,4,medium
89,-,22,67,medium
61,-,31,30,medium
48,-,43,5,medium
57,-,15,42,medium
30,-,23,7,medium
45,-,37,8,medium
22,-,10,12,medium
54,-,11,43,medium
67,-,66,1,medium
33,-,19,14,medium
47,-,30,17,medium
33,-,17,16,medium
49,-,44,5,medium
68,-,52,16,medium
18,-,11,7,medium
22,-,17,5,medium
71,-,17,54,medium
35,-,25,10,medium
91,-,13,78,medium
88,-,41,47,medium
42,-,12,30,medium
23,-,14,9,medium
91,-,12,79,medium
71,-,36,35,medium
68,-,39,29,medium
96,-,70,26,medium
41,-,29,12,medium
68,-,21,47,medium
83,-,46,37,medium
84,-,46,38,medium
29,-,21,8,medium
15,-,11,4,medium
40,-,15,25,medium
18,-,18,0,medium
23,-,21,2,medium
91,-,21,70,medium
56,-,42,14,medium
91,-,46,45,medium
70,-,69,1,medium
29,-,27,2,medium
37,-,29,8,medium
96,-,15,81,medium
93,-,14,79,medium
66,-,54,12,medium
58,-,25,33,medium
65,-,57,8,medium
46,-,20,26,medium
66,-,27,39,medium
15,-,14,1,medium
26,-,24,2,medium
59,-,20,39,medium
97,-,14,83,medium
71,-,29,42,medium
88,-,79,9,medium
80,-,74,6,medium
67,-,63,4,medium
17,-,11,6,medium
41,-,31,10,medium
30,-,11,19,medium
47,-,29,18,medium
71,-,10,61,medium
41,-,32,9,medium
42,-,40,2,medium
99,-,79,20,medium
47,-,28,19,medium
85,-,78,7,medium
96,-,89,7,medium
80,-,17,63,medium
16,-,10,6,medium
22,-,12,10,medium
49,-,28,21,medium
77,-,56,21,medium
96,-,67,29,medium
31,-,10,21,medium
44,-,30,14,medium
78,-,15,63,medium
22,-,22,0,medium
39,-,35,4,medium
48,-,41,7,medium
44,-,27,17,medium
13,-,11,2,medium
74,-,12,62,medium
67,-,14,53,medium
45,-,15,30,medium
71,-,44,27,medium
73,-,67,6,medium
21,-,17,4,medium
16,-,13,3,medium
74,-,45,29,medium
36,-,28,8,medium
57,-,11,46,medium
90,-,33,57,medium
72,-,60,12,medium
86,-,75,11,medium
77,-,41,36,medium
24,-,12,12,medium
74,-,41,33,medium
45,-,36,9,medium
57,-,26,31,medium
34,-,15,19,medium
21,-,18,3,medium
96,-,14,82,medium
47,-,27,20,medium
53,-,49,4,medium
38,-,27,11,medium
58,-,42,16,medium
22,-,16,6,medium
57,-,21,36,medium
88,-,77,11,medium
98,-,21,77,medium
79,-,15,64,medium
59,-,32,27,medium
89,-,58,31,medium
87,-,78,9,medium
86,-,61,25,medium
14,-,14,0,medium
69,-,33,36,medium
69,-,11,58,medium
98,-,50,48,medium
90,-,25,65,medium
87,-,46,41,medium
61,-,56,5,medium
88,-,80,8,medium
12,-,11,1,medium
13,-,10,3,medium
68,-,32,36,medium
92,-,25,67,medium
78,-,47,31,medium
78,-,73,5,medium
23,-,10,13,medium
86,-,21,65,medium
78,-,18,60,medium
22,-,13,9,medium
24,-,11,13,medium
20,-,16,4,medium
88,-,36,52,medium
92,-,61,31,medium
19,-,13,6,medium
37,-,25,12,medium
52,-,20,32,medium
18,-,17,1,medium
75,-,58,17,medium
46,-,12,34,medium
58,-,43,15,medium
39,-,14,25,medium
42,-,28,14,medium
54,-,43,11,medium
80,-,64,16,medium
55,-,38,17,medium
76,-,31,45,medium
52,-,24,28,medium
99,-,23,76,medium
71,-,63,8,medium
82,-,70,12,medium
29,-,16,13,medium
62,-,23,39,medium
55,-,11,44,medium
55,-,33,22,medium
64,-,47,17,medium
37,-,10,27,medium
90,-,30,60,medium
55,-,25,30,medium
69,-,21,48,medium
63,-,29,34,medium
28,-,11,17,medium
42,-,17,25,medium
66,-,18,48,medium
52,-,11,41,medium
62,-,33,29,medium
60,-,57,3,medium
47,-,47,0,medium
72,-,12,60,medium
40,-,16,24,medium
21,-,15,6,medium
57,-,39,18,medium
87,-,58,29,medium
58,-,27,31,medium
93,-,20,73,medium
19,-,10,9,medium
87,-,67,20,medium
51,-,33,18,medium
59,-,56,3,medium
42,-,18,24,medium
63,-,10,53,medium
60,-,56,4,medium
89,-,73,16,medium
85,-,27,58,medium
26,-,11,15,medium
70,-,66,4,medium
53,-,46,7,medium
25,-,22,3,medium
43,-,19,24,medium
92,-,34,58,medium
69,-,37,32,medium
81,-,52,29,medium
51,-,45,6,medium
95,-,18,77,medium
16,-,12,4,medium
64,-,44,20,medium
18,-,14,4,medium
25,-,25,0,medium
94,-,44,50,medium
67,-,19,48,medium
32,-,30,2,medium
90,-,41,49,medium
91,-,55,36,medium
89,-,84,5,medium
40,-,11,29,medium
26,-,22,4,medium
85,-,43,42,medium
22,-,21,1,medium
68,-,20,48,medium
94,-,32,62,medium
25,-,14,11,medium
58,-,52,6,medium
46,-,19,27,medium
87,-,34,53,medium
59,-,21,38,medium
54,-,17,37,medium
96,-,56,40,medium
58,-,50,8,medium
34,-,32,2,medium
88,-,57,31,medium
95,-,80,15,medium
44,-,33,11,medium
62,-,26,36,medium
43,-,31,12,medium
79,-,59,20,medium
55,-,43,12,medium
51,-,22,29,medium
92,-,48,44,medium
76,-,60,16,medium
47,-,32,15,medium
98,-,48,50,medium
86,-,37,49,medium
88,-,24,64,medium
74,-,65,9,medium
40,-,31,9,medium
24,-,13,11,medium
42,-,36,6,medium
89,-,23,66,medium
75,-,71,4,medium
92,-,76,16,medium
61,-,17,44,medium
17,-,13,4,medium
18,-,15,3,medium
75,-,59,16,medium
91,-,78,13,medium
28,-,27,1,medium
50,-,47,3,medium
46,-,39,7,medium
83,-,80,3,medium
68,-,11,57,medium
97,-,90,7,medium
90,-,36,54,medium
63,-,37,26,medium
39,-,15,24,medium
85,-,22,63,medium
47,-,25,22,medium
59,-,26,33,medium
34,-,17,17,medium
95,-,27,68,medium
92,-,23,69,medium
56,-,39,17,medium
34,-,24,10,medium
26,-,17,9,medium
76,-,10,66,medium
98,-,74,24,medium
30,-,17,13,medium
20,-,11,9,medium
88,-,50,38,medium
35,-,23,12,medium
35,-,28,7,medium
90,-,55,35,medium
58,-,26,32,medium
44,-,24,20,medium
66,-,10,56,medium
79,-,26,53,medium
88,-,60,28,medium
57,-,33,24,medium
26,-,14,12,medium
45,-,10,35,medium
58,-,11,47,medium
29,-,17,12,medium
87,-,54,33,medium
76,-,45,31,medium
89,-,39,50,medium
77,-,61,16,medium
42,-,37,5,medium
99,-,84,15,medium
65,-,22,43,medium
48,-,29,19,medium
58,-,33,25,medium
88,-,78,10,medium
40,-,39,1,medium
55,-,29,26,medium
74,-,25,49,medium
82,-,53,29,medium
51,-,24,27,medium
46,-,15,31,medium
49,-,14,35,medium
30,-,28,2,medium
74,-,29,45,medium
77,-,32,45,medium
86,-,22,64,medium
78,-,52,26,medium
82,-,14,68,medium
49,-,25,24,medium
78,-,65,13,medium
50,-,26,24,medium
87,-,47,40,medium
75,-,25,50,medium
60,-,37,23,medium
43,-,21,22,medium
77,-,51,26,medium
61,-,13,48,medium
71,-,28,43,medium
57,-,18,39,medium
80,-,40,40,medium
57,-,57,0,medium
63,-,23,40,medium
76,-,67,9,medium
92,-,75,17,medium
88,-,53,35,medium
72,-,45,27,medium
13,-,13,0,medium
94,-,19,75,medium
72,-,34,38,medium
53,-,16,37,medium
58,-,48,10,medium
23,-,20,3,medium
29,-,20,9,medium
71,-,62,9,medium
29,-,18,11,medium
37,-,23,14,medium
79,-,34,45,medium
51,-,11,40,medium
78,-,58,20,medium
35,-,16,19,medium
88,-,64,24,medium
95,-,53,42,medium
38,-,31,7,medium
68,-,65,3,medium
49,-,40,9,medium
54,-,12,42,medium
88,-,35,53,medium
54,-,24,30,medium
38,-,21,17,medium
38,-,14,24,medium
94,-,11,83,medium
28,-,28,0,medium
97,-,91,6,medium
94,-,58,36,medium
53,-,18,35,medium
84,-,38,46,medium
32,-,32,0,medium
33,-,24,9,medium
57,-,48,9,medium
88,-,47,41,medium
39,-,36,3,medium
47,-,37,10,medium
31,-,15,16,medium
42,-,31,11,medium
62,-,22,40,medium
63,-,16,47,medium
82,-,58,24,medium
76,-,41,35,medium
31,-,20,11,medium
69,-,48,21,medium
19,-,12,7,medium
78,-,77,1,medium
59,-,39,20,medium
33,-,25,8,medium
87,-,66,21,medium
43,-,14,29,medium
39,-,25,14,medium
50,-,49,1,medium
74,-,27,47,medium
89,-,19,70,medium
33,-,15,18,medium
61,-,27,34,medium
72,-,37,35,medium
69,-,64,5,medium
51,-,13,38,medium
19,-,11,8,medium
76,-,72,4,medium
75,-,73,2,medium
46,-,28,18,medium
40,-,26,14,medium
85,-,44,41,medium
90,-,71,19,medium
69,-,42,27,medium
31,-,18,13,medium
36,-,19,17,medium
82,-,51,31,medium
98,-,33,65,medium
39,-,29,10,medium
36,-,30,6,medium
23,-,15,8,medium
59,-,44,15,medium
34,-,34,0,medium
91,-,19,72,medium
36,-,10,26,medium
67,-,48,19,medium
94,-,38,56,medium
54,-,10,44,medium
91,-,36,55,medium
42,-,30,12,medium
40,-,27,13,medium
87,-,12,75,medium
21,-,16,5,medium
26,-,16,10,medium
53,-,31,22,medium
91,-,22,69,medium
69,-,24,45,medium
27,-,18,9,medium
73,-,20,53,medium
27,-,27,0,medium
53,-,37,16,medium
67,-,21,46,medium
85,-,15,70,medium
28,-,24,4,medium
78,-,33,45,medium
43,-,16,27,medium
19,-,19,0,medium
48,-,27,21,medium
80,-,13,67,medium
42,-,23,19,medium
41,-,30,11,medium
73,-,56,17,medium
94,-,87,7,medium
57,-,52,5,medium
65,-,65,0,medium
89,-,67,22,medium
59,-,52,7,medium
45,-,40,5,medium
47,-,26,21,medium
32,-,13,19,medium
54,-,13,41,medium
87,-,82,5,medium
51,-,35,16,medium
73,-,73,0,medium
62,-,24,38,medium
98,-,32,66,medium
63,-,59,4,medium
97,-,55,42,medium
57,-,55,2,medium
51,-,31,20,medium
84,-,72,12,medium
33,-,23,10,medium
67,-,22,45,medium
20,-,15,5,medium
53,-,13,40,medium
84,-,13,71,medium
93,-,63,30,medium
29,-,12,17,medium
58,-,39,19,medium
78,-,53,25,medium
62,-,59,3,medium
57,-,34,23,medium
27,-,16,11,medium
25,-,24,1,medium
64,-,25,39,medium
70,-,70,0,medium
87,-,79,8,medium
81,-,31,50,medium
42,-,41,1,medium
89,-,10,79,medium
52,-,25,27,medium
56,-,20,36,medium
542,-,38,504,medium-hard
182,-,12,170,medium-hard
302,-,1,301,medium-hard
818,-,12,806,medium-hard
261,-,3,258,medium-hard
112,-,10,102,medium-hard
439,-,0,439,medium-hard
905,-,5,900,medium-hard
503,-,3,500,medium-hard
770,-,23,747,medium-hard
372,-,20,352,medium-hard
798,-,9,789,medium-hard
753,-,45,708,medium-hard
504,-,2,502,medium-hard
233,-,9,224,medium-hard
885,-,80,805,medium-hard
371,-,66,305,medium-hard
274,-,43,231,medium-hard
644,-,32,612,medium-hard
856,-,0,856,medium-hard
938,-,10,928,medium-hard
823,-,12,811,medium-hard
991,-,60,931,medium-hard
679,-,49,630,medium-hard
940,-,40,900,medium-hard
823,-,18,805,medium-hard
929,-,25,904,medium-hard
691,-,44,647,medium-hard
833,-,15,818,medium-hard
462,-,33,429,medium-hard
873,-,56,817,medium-hard
393,-,74,319,medium-hard
510,-,5,505,medium-hard
685,-,62,623,medium-hard
702,-,2,700,medium-hard
439,-,29,410,medium-hard
851,-,40,811,medium-hard
980,-,12,968,medium-hard
244,-,17,227,medium-hard
557,-,21,536,medium-hard
576,-,25,551,medium-hard
879,-,73,806,medium-hard
378,-,32,346,medium-hard
201,-,0,201,medium-hard
672,-,51,621,medium-hard
603,-,1,602,medium-hard
163,-,4,159,medium-hard
567,-,23,544,medium-hard
802,-,1,801,medium-hard
815,-,3,812,medium-hard
118,-,7,111,medium-hard
412,-,1,411,medium-hard
581,-,35,546,medium-hard
713,-,0,713,medium-hard
295,-,27,268,medium-hard
535,-,30,505,medium-hard
755,-,38,717,medium-hard
309,-,3,306,medium-hard
731,-,13,718,medium-hard
968,-,50,918,medium-hard
256,-,55,201,medium-hard
140,-,32,108,medium-hard
461,-,23,438,medium-hard
716,-,0,716,medium-hard
778,-,59,719,medium-hard
420,-,2,418,medium-hard
626,-,9,617,medium-hard
896,-,7,889,medium-hard
865,-,18,847,medium-hard
427,-,19,408,medium-hard
533,-,22,511,medium-hard
301,-,1,300,medium-hard
350,-,46,304,medium-hard
756,-,48,708,medium-hard
374,-,47,327,medium-hard
752,-,49,703,medium-hard
796,-,87,709,medium-hard
712,-,10,702,medium-hard
713,-,11,702,medium-hard
151,-,30,121,medium-hard
678,-,56,622,medium-hard
135,-,14,121,medium-hard
292,-,33,259,medium-hard
329,-,27,302,medium-hard
776,-,0,776,medium-hard
373,-,35,338,medium-hard
452,-,33,419,medium-hard
789,-,60,729,medium-hard
580,-,22,558,medium-hard
685,-,77,608,medium-hard
597,-,72,525,medium-hard
572,-,25,547,medium-hard
813,-,3,810,medium-hard
542,-,37,505,medium-hard
519,-,17,502,medium-hard
750,-,11,739,medium-hard
172,-,58,114,medium-hard
464,-,22,442,medium-hard
583,-,38,545,medium-hard
757,-,50,707,medium-hard
286,-,35,251,medium-hard
388,-,78,310,medium-hard
278,-,22,256,medium-hard
310,-,1,309,medium-hard
512,-,9,503,medium-hard
335,-,5,330,medium-hard
375,-,19,356,medium-hard
177,-,48,129,medium-hard
399,-,63,336,medium-hard
714,-,4,710,medium-hard
965,-,19,946,medium-hard
925,-,24,901,medium-hard
681,-,49,632,medium-hard
165,-,18,147,medium-hard
775,-,36,739,medium-hard
725,-,13,712,medium-hard
984,-,79,905,medium-hard
198,-,38,160,medium-hard
632,-,3,629,medium-hard
590,-,22,568,medium-hard
370,-,21,349,medium-hard
607,-,6,601,medium-hard
898,-,31,867,medium-hard
145,-,43,102,medium-hard
918,-,2,916,medium-hard
445,-,17,428,medium-hard
585,-,71,514,medium-hard
275,-,35,240,medium-hard
797,-,18,779,medium-hard
174,-,59,115,medium-hard
248,-,31,217,medium-hard
160,-,56,104,medium-hard
329,-,4,325,medium-hard
673,-,16,657,medium-hard
312,-,8,304,medium-hard
650,-,32,618,medium-hard
187,-,2,185,medium-hard
610,-,0,610,medium-hard
296,-,2,294,medium-hard
833,-,9,824,medium-hard
426,-,12,414,medium-hard
752,-,50,702,medium-hard
938,-,31,907,medium-hard
285,-,64,221,medium-hard
419,-,15,404,medium-hard
328,-,19,309,medium-hard
884,-,63,821,medium-hard
295,-,28,267,medium-hard
433,-,8,425,medium-hard
213,-,12,201,medium-hard
427,-,23,404,medium-hard
426,-,8,418,medium-hard
662,-,24,638,medium-hard
880,-,48,832,medium-hard
464,-,33,431,medium-hard
230,-,2,228,medium-hard
848,-,38,810,medium-hard
133,-,24,109,medium-hard
599,-,42,557,medium-hard
609,-,9,600,medium-hard
231,-,25,206,medium-hard
353,-,36,317,medium-hard
751,-,44,707,medium-hard
885,-,32,853,medium-hard
342,-,16,326,medium-hard
549,-,15,534,medium-hard
365,-,10,355,medium-hard
113,-,0,113,medium-hard
622,-,18,604,medium-hard
992,-,85,907,medium-hard
952,-,27,925,medium-hard
866,-,61,805,medium-hard
615,-,14,601,medium-hard
294,-,6,288,medium-hard
675,-,16,659,medium-hard
235,-,19,216,medium-hard
427,-,20,407,medium-hard
579,-,7,572,medium-hard
589,-,28,561,medium-hard
904,-,2,902,medium-hard
696,-,67,629,medium-hard
479,-,10,469,medium-hard
955,-,32,923,medium-hard
792,-,46,746,medium-hard
689,-,51,638,medium-hard
145,-,14,131,medium-hard
889,-,81,808,medium-hard
801,-,0,801,medium-hard
857,-,11,846,medium-hard
176,-,49,127,medium-hard
357,-,28,329,medium-hard
676,-,9,667,medium-hard
268,-,53,215,medium-hard
706,-,5,701,medium-hard
404,-,2,402,medium-hard
741,-,26,715,medium-hard
678,-,28,650,medium-hard
520,-,13,507,medium-hard
809,-,0,809,medium-hard
157,-,30,127,medium-hard
918,-,7,911,medium-hard
433,-,28,405,medium-hard
532,-,9,523,medium-hard
568,-,67,501,medium-hard
385,-,23,362,medium-hard
203,-,0,203,medium-hard
691,-,6,685,medium-hard
819,-,3,816,medium-hard
789,-,27,762,medium-hard
207,-,0,207,medium-hard
713,-,3,710,medium-hard
564,-,42,522,medium-hard
590,-,58,532,medium-hard
557,-,2,555,medium-hard
441,-,29,412,medium-hard
937,-,20,917,medium-hard
155,-,28,127,medium-hard
478,-,16,462,medium-hard
843,-,24,819,medium-hard
778,-,20,758,medium-hard
689,-,73,616,medium-hard
380,-,40,340,medium-hard
862,-,56,806,medium-hard
527,-,23,504,medium-hard
175,-,50,125,medium-hard
824,-,2,822,medium-hard
708,-,5,703,medium-hard
854,-,38,816,medium-hard
998,-,2,996,medium-hard
685,-,9,676,medium-hard
961,-,61,900,medium-hard
934,-,27,907,medium-hard
731,-,6,725,medium-hard
536,-,0,536,medium-hard
831,-,29,802,medium-hard
542,-,10,532,medium-hard
445,-,24,421,medium-hard
845,-,35,810,medium-hard
914,-,9,905,medium-hard
254,-,45,209,medium-hard
121,-,18,103,medium-hard
779,-,28,751,medium-hard
282,-,69,213,medium-hard
126,-,7,119,medium-hard
668,-,40,628,medium-hard
870,-,57,813,medium-hard
124,-,11,113,medium-hard
659,-,41,618,medium-hard
865,-,23,842,medium-hard
813,-,7,806,medium-hard
266,-,30,236,medium-hard
576,-,72,504,medium-hard
728,-,24,704,medium-hard
273,-,49,224,medium-hard
249,-,14,235,medium-hard
460,-,32,428,medium-hard
361,-,17,344,medium-hard
550,-,2,548,medium-hard
823,-,11,812,medium-hard
583,-,25,558,medium-hard
823,-,1,822,medium-hard
405,-,3,402,medium-hard
775,-,48,727,medium-hard
488,-,35,453,medium-hard
956,-,45,911,medium-hard
755,-,33,722,medium-hard
582,-,26,556,medium-hard
701,-,0,701,medium-hard
608,-,1,607,medium-hard
341,-,6,335,medium-hard
144,-,27,117,medium-hard
623,-,17,606,medium-hard
925,-,2,923,medium-hard
809,-,2,807,medium-hard
289,-,81,208,medium-hard
586,-,54,532,medium-hard
360,-,45,315,medium-hard
378,-,65,313,medium-hard
698,-,27,671,medium-hard
742,-,41,701,medium-hard
646,-,6,640,medium-hard
519,-,18,501,medium-hard
184,-,21,163,medium-hard
624,-,20,604,medium-hard
964,-,55,909,medium-hard
879,-,39,840,medium-hard
386,-,0,386,medium-hard
701,-,1,700,medium-hard
486,-,80,406,medium-hard
710,-,8,702,medium-hard
965,-,26,939,medium-hard
811,-,8,803,medium-hard
207,-,2,205,medium-hard
815,-,9,806,medium-hard
941,-,40,901,medium-hard
699,-,24,675,medium-hard
613,-,11,602,medium-hard
973,-,28,945,medium-hard
316,-,4,312,medium-hard
242,-,17,225,medium-hard
499,-,28,471,medium-hard
433,-,9,424,medium-hard
794,-,40,754,medium-hard
468,-,48,420,medium-hard
683,-,74,609,medium-hard
512,-,4,508,medium-hard
666,-,12,654,medium-hard
910,-,0,910,medium-hard
415,-,12,403,medium-hard
155,-,29,126,medium-hard
854,-,3,851,medium-hard
995,-,91,904,medium-hard
493,-,28,465,medium-hard
149,-,28,121,medium-hard
959,-,59,900,medium-hard
709,-,5,704,medium-hard
812,-,0,812,medium-hard
794,-,70,724,medium-hard
993,-,74,919,medium-hard
361,-,4,357,medium-hard
705,-,5,700,medium-hard
506,-,4,502,medium-hard
940,-,1,939,medium-hard
623,-,6,617,medium-hard
726,-,15,711,medium-hard
411,-,4,407,medium-hard
633,-,31,602,medium-hard
707,-,2,705,medium-hard
131,-,22,109,medium-hard
813,-,13,800,medium-hard
463,-,40,423,medium-hard
421,-,15,406,medium-hard
996,-,33,963,medium-hard
419,-,3,416,medium-hard
419,-,1,418,medium-hard
361,-,38,323,medium-hard
746,-,12,734,medium-hard
358,-,52,306,medium-hard
469,-,31,438,medium-hard
813,-,0,813,medium-hard
463,-,57,406,medium-hard
632,-,26,606,medium-hard
792,-,19,773,medium-hard
216,-,0,216,medium-hard
672,-,49,623,medium-hard
921,-,8,913,medium-hard
883,-,5,878,medium-hard
400,-,0,400,medium-hard
148,-,41,107,medium-hard
276,-,47,229,medium-hard
396,-,94,302,medium-hard
268,-,12,256,medium-hard
390,-,35,355,medium-hard
248,-,33,215,medium-hard
838,-,19,819,medium-hard
667,-,30,637,medium-hard
613,-,4,609,medium-hard
624,-,22,602,medium-hard
135,-,12,123,medium-hard
952,-,18,934,medium-hard
259,-,22,237,medium-hard
682,-,8,674,medium-hard
592,-,92,500,medium-hard
350,-,16,334,medium-hard
255,-,24,231,medium-hard
475,-,42,433,medium-hard
376,-,72,304,medium-hard
553,-,5,548,medium-hard
690,-,38,652,medium-hard
188,-,21,167,medium-hard
382,-,76,306,medium-hard
779,-,59,720,medium-hard
980,-,27,953,medium-hard
681,-,40,641,medium-hard
758,-,56,702,medium-hard
372,-,61,311,medium-hard
529,-,26,503,medium-hard
331,-,19,312,medium-hard
204,-,2,202,medium-hard
871,-,39,832,medium-hard
151,-,21,130,medium-hard
708,-,6,702,medium-hard
322,-,4,318,medium-hard
271,-,57,214,medium-hard
181,-,28,153,medium-hard
926,-,5,921,medium-hard
140,-,26,114,medium-hard
562,-,62,500,medium-hard
325,-,16,309,medium-hard
909,-,8,901,medium-hard
304,-,0,304,medium-hard
617,-,10,607,medium-hard
715,-,8,707,medium-hard
172,-,1,171,medium-hard
883,-,35,848,medium-hard
676,-,12,664,medium-hard
889,-,23,866,medium-hard
492,-,51,441,medium-hard
957,-,25,932,medium-hard
739,-,4,735,medium-hard
336,-,34,302,medium-hard
439,-,33,406,medium-hard
950,-,37,913,medium-hard
342,-,6,336,medium-hard
686,-,67,619,medium-hard
751,-,26,725,medium-hard
989,-,8,981,medium-hard
330,-,8,322,medium-hard
918,-,1,917,medium-hard
930,-,1,929,medium-hard
703,-,0,703,medium-hard
987,-,83,904,medium-hard
835,-,30,805,medium-hard
422,-,6,416,medium-hard
604,-,3,601,medium-hard
834,-,25,809,medium-hard
915,-,2,913,medium-hard
680,-,5,675,medium-hard
759,-,10,749,medium-hard
937,-,14,923,medium-hard
942,-,23,919,medium-hard
451,-,26,425,medium-hard
626,-,24,602,medium-hard
157,-,35,122,medium-hard
680,-,8,672,medium-hard
732,-,29,703,medium-hard
793,-,32,761,medium-hard
866,-,20,846,medium-hard
254,-,3,251,medium-hard
671,-,13,658,medium-hard
913,-,13,900,medium-hard
622,-,13,609,medium-hard
673,-,33,640,medium-hard
995,-,29,966,medium-hard
548,-,25,523,medium-hard
967,-,3,964,medium-hard
980,-,69,911,medium-hard
587,-,53,534,medium-hard
121,-,15,106,medium-hard
176,-,6,170,medium-hard
981,-,16,965,medium-hard
452,-,26,426,medium-hard
707,-,7,700,medium-hard
133,-,18,115,medium-hard
762,-,13,749,medium-hard
952,-,42,910,medium-hard
131,-,7,124,medium-hard
371,-,6,365,medium-hard
716,-,3,713,medium-hard
332,-,4,328,medium-hard
460,-,39,421,medium-hard
554,-,6,548,medium-hard
411,-,8,403,medium-hard
592,-,33,559,medium-hard
204,-,4,200,medium-hard
547,-,7,540,medium-hard
333,-,11,322,medium-hard
999,-,67,932,medium-hard
225,-,23,202,medium-hard
187,-,60,127,medium-hard
277,-,60,217,medium-hard
522,-,18,504,medium-hard
767,-,37,730,medium-hard
390,-,33,357,medium-hard
440,-,39,401,medium-hard
688,-,56,632,medium-hard
472,-,44,428,medium-hard
631,-,30,601,medium-hard
319,-,10,309,medium-hard
691,-,18,673,medium-hard
546,-,33,513,medium-hard
258,-,11,247,medium-hard
764,-,28,736,medium-hard
301,-,0,301,medium-hard
596,-,30,566,medium-hard
948,-,16,932,medium-hard
272,-,20,252,medium-hard
591,-,62,529,medium-hard
650,-,15,635,medium-hard
789,-,34,755,medium-hard
831,-,5,826,medium-hard
743,-,25,718,medium-hard
954,-,24,930,medium-hard
190,-,54,136,medium-hard
206,-,4,202,medium-hard
469,-,9,460,medium-hard
782,-,58,724,medium-hard
673,-,54,619,medium-hard
164,-,16,148,medium-hard
259,-,59,200,medium-hard
397,-,24,373,medium-hard
419,-,19,400,medium-hard
132,-,21,111,medium-hard
158,-,5,153,medium-hard
852,-,22,830,medium-hard
476,-,2,474,medium-hard
576,-,58,518,medium-hard
609,-,1,608,medium-hard
213,-,0,213,medium-hard
535,-,33,502,medium-hard
254,-,16,238,medium-hard
563,-,8,555,medium-hard
868,-,28,840,medium-hard
802,-,2,800,medium-hard
760,-,9,751,medium-hard
256,-,30,226,medium-hard
310,-,10,300,medium-hard
258,-,45,213,medium-hard
891,-,48,843,medium-hard
764,-,21,743,medium-hard
501,-,0,501,medium-hard
374,-,64,310,medium-hard
911,-,0,911,medium-hard
620,-,1,619,medium-hard
137,-,21,116,medium-hard
657,-,45,612,medium-hard
734,-,10,724,medium-hard
900,-,0,900,medium-hard
985,-,11,974,medium-hard
524,-,2,522,medium-hard
591,-,12,579,medium-hard
155,-,32,123,medium-hard
142,-,22,120,medium-hard
112,-,6,106,medium-hard
590,-,68,522,medium-hard
704,-,2,702,medium-hard
337,-,36,301,medium-hard
196,-,44,152,medium-hard
847,-,24,823,medium-hard
283,-,53,230,medium-hard
859,-,32,827,medium-hard
523,-,22,501,medium-hard
138,-,22,116,medium-hard
211,-,7,204,medium-hard
411,-,9,402,medium-hard
223,-,2,221,medium-hard
735,-,24,711,medium-hard
247,-,22,225,medium-hard
628,-,9,619,medium-hard
914,-,8,906,medium-hard
800,-,0,800,medium-hard
360,-,33,327,medium-hard
584,-,16,568,medium-hard
655,-,3,652,medium-hard
486,-,79,407,medium-hard
386,-,64,322,medium-hard
187,-,86,101,medium-hard
130,-,14,116,medium-hard
614,-,10,604,medium-hard
868,-,26,842,medium-hard
532,-,19,513,medium-hard
294,-,91,203,medium-hard
493,-,32,461,medium-hard
561,-,48,513,medium-hard
681,-,43,638,medium-hard
150,-,26,124,medium-hard
832,-,17,815,medium-hard
782,-,29,753,medium-hard
259,-,23,236,medium-hard
333,-,12,321,medium-hard
734,-,1,733,medium-hard
647,-,40,607,medium-hard
640,-,5,635,medium-hard
167,-,28,139,medium-hard
342,-,32,310,medium-hard
197,-,90,107,medium-hard
300,-,0,300,medium-hard
905,-,1,904,medium-hard
745,-,11,734,medium-hard
618,-,18,600,medium-hard
190,-,89,101,medium-hard
678,-,49,629,medium-hard
596,-,32,564,medium-hard
228,-,18,210,medium-hard
443,-,21,422,medium-hard
287,-,0,287,medium-hard
393,-,69,324,medium-hard
156,-,29,127,medium-hard
940,-,28,912,medium-hard
849,-,40,809,medium-hard
897,-,48,849,medium-hard
639,-,33,606,medium-hard
229,-,16,213,medium-hard
319,-,4,315,medium-hard
613,-,0,613,medium-hard
919,-,16,903,medium-hard
519,-,4,515,medium-hard
965,-,35,930,medium-hard
394,-,71,323,medium-hard
678,-,40,638,medium-hard
237,-,10,227,medium-hard
351,-,5,346,medium-hard
276,-,58,218,medium-hard
925,-,23,902,medium-hard
850,-,15,835,medium-hard
825,-,2,823,medium-hard
870,-,18,852,medium-hard
338,-,2,336,medium-hard
245,-,30,215,medium-hard
461,-,53,408,medium-hard
297,-,94,203,medium-hard
774,-,10,764,medium-hard
711,-,6,705,medium-hard
383,-,50,333,medium-hard
732,-,5,727,medium-hard
811,-,0,811,medium-hard
177,-,68,109,medium-hard
229,-,9,220,medium-hard
148,-,27,121,medium-hard
575,-,28,547,medium-hard
284,-,65,219,medium-hard
974,-,5,969,medium-hard
984,-,23,961,medium-hard
311,-,9,302,medium-hard
227,-,24,203,medium-hard
932,-,4,928,medium-hard
190,-,60,130,medium-hard
232,-,25,207,medium-hard
857,-,10,847,medium-hard
141,-,19,122,medium-hard
163,-,9,154,medium-hard
290,-,68,222,medium-hard
689,-,18,671,medium-hard
404,-,0,404,medium-hard
482,-,4,478,medium-hard
876,-,32,844,medium-hard
205,-,0,205,medium-hard
844,-,41,803,medium-hard
922,-,2,920,medium-hard
464,-,11,453,medium-hard
782,-,40,742,medium-hard
820,-,9,811,medium-hard
959,-,24,935,medium-hard
153,-,9,144,medium-hard
726,-,12,714,medium-hard
455,-,23,432,medium-hard
952,-,19,933,medium-hard
352,-,4,348,medium-hard
955,-,41,914,medium-hard
988,-,41,947,medium-hard
858,-,54,804,medium-hard
222,-,1,221,medium-hard
629,-,2,627,medium-hard
266,-,24,242,medium-hard
797,-,17,780,medium-hard
795,-,38,757,medium-hard
437,-,30,407,medium-hard
845,-,19,826,medium-hard
444,-,13,431,medium-hard
950,-,49,901,medium-hard
443,-,33,410,medium-hard
990,-,38,952,medium-hard
867,-,21,846,medium-hard
485,-,1,484,medium-hard
293,-,37,256,medium-hard
371,-,57,314,medium-hard
158,-,13,145,medium-hard
192,-,38,154,medium-hard
973,-,11,962,medium-hard
121,-,9,112,medium-hard
350,-,20,330,medium-hard
554,-,15,539,medium-hard
975,-,42,933,medium-hard
557,-,12,545,medium-hard
144,-,11,133,medium-hard
264,-,33,231,medium-hard
945,-,14,931,medium-hard
499,-,53,446,medium-hard
411,-,2,409,medium-hard
167,-,48,119,medium-hard
752,-,7,745,medium-hard
256,-,20,236,medium-hard
579,-,8,571,medium-hard
795,-,70,725,medium-hard
751,-,22,729,medium-hard
226,-,2,224,medium-hard
935,-,29,906,medium-hard
814,-,7,807,medium-hard
638,-,20,618,medium-hard
414,-,1,413,medium-hard
672,-,68,604,medium-hard
780,-,69,711,medium-hard
879,-,54,825,medium-hard
731,-,22,709,medium-hard
496,-,68,428,medium-hard
724,-,8,716,medium-hard
247,-,42,205,medium-hard
405,-,2,403,medium-hard
388,-,88,300,medium-hard
399,-,40,359,medium-hard
503,-,0,503,medium-hard
169,-,33,136,medium-hard
905,-,0,905,medium-hard
812,-,4,808,medium-hard
470,-,69,401,medium-hard
916,-,16,900,medium-hard
950,-,40,910,medium-hard
876,-,53,823,medium-hard
653,-,29,624,medium-hard
734,-,16,718,medium-hard
865,-,32,833,medium-hard
973,-,0,973,medium-hard
496,-,41,455,medium-hard
262,-,14,248,medium-hard
988,-,70,918,medium-hard
693,-,41,652,medium-hard
858,-,46,812,medium-hard
241,-,9,232,medium-hard
782,-,23,759,medium-hard
184,-,15,169,medium-hard
451,-,34,417,medium-hard
833,-,6,827,medium-hard
917,-,15,902,medium-hard
257,-,30,227,medium-hard
539,-,13,526,medium-hard
857,-,15,842,medium-hard
255,-,14,241,medium-hard
436,-,16,420,medium-hard
434,-,19,415,medium-hard
950,-,8,942,medium-hard
784,-,14,770,medium-hard
385,-,68,317,medium-hard
509,-,1,508,medium-hard
242,-,33,209,medium-hard
986,-,64,922,medium-hard
294,-,26,268,medium-hard
686,-,7,679,medium-hard
415,-,4,411,medium-hard
933,-,5,928,medium-hard
908,-,0,908,medium-hard
551,-,31,520,medium-hard
506,-,0,506,medium-hard
867,-,27,840,medium-hard
860,-,1,859,medium-hard
162,-,29,133,medium-hard
995,-,85,910,medium-hard
592,-,87,505,medium-hard
638,-,12,626,medium-hard
585,-,1,584,medium-hard
222,-,13,209,medium-hard
439,-,39,400,medium-hard
687,-,32,655,medium-hard
804,-,2,802,medium-hard
212,-,2,210,medium-hard
171,-,65,106,medium-hard
370,-,10,360,medium-hard
834,-,32,802,medium-hard
358,-,34,324,medium-hard
761,-,30,731,medium-hard
629,-,21,608,medium-hard
694,-,47,647,medium-hard
315,-,13,302,medium-hard
189,-,40,149,medium-hard
616,-,16,600,medium-hard
383,-,82,301,medium-hard
998,-,30,968,medium-hard
457,-,50,407,medium-hard
186,-,64,122,medium-hard
132,-,30,102,medium-hard
277,-,2,275,medium-hard
582,-,21,561,medium-hard
478,-,18,460,medium-hard
934,-,24,910,medium-hard
113,-,13,100,medium-hard
144,-,44,100,medium-hard
652,-,18,634,medium-hard
936,-,5,931,medium-hard
468,-,60,408,medium-hard
700,-,0,700,medium-hard
183,-,59,124,medium-hard
728,-,15,713,medium-hard
571,-,38,533,medium-hard
254,-,12,242,medium-hard
281,-,21,260,medium-hard
648,-,37,611,medium-hard
843,-,16,827,medium-hard
640,-,37,603,medium-hard
774,-,8,766,medium-hard
950,-,36,914,medium-hard
579,-,21,558,medium-hard
120,-,9,111,medium-hard
135,-,26,109,medium-hard
115,-,7,108,medium-hard
931,-,12,919,medium-hard
315,-,0,315,medium-hard
380,-,21,359,medium-hard
679,-,13,666,medium-hard
236,-,23,213,medium-hard
457,-,44,413,medium-hard
961,-,23,938,medium-hard
924,-,9,915,medium-hard
379,-,53,326,medium-hard
653,-,10,643,medium-hard
352,-,43,309,medium-hard
956,-,18,938,medium-hard
812,-,6,806,medium-hard
403,-,1,402,medium-hard
948,-,40,908,medium-hard
644,-,3,641,medium-hard
974,-,48,926,medium-hard
649,-,21,628,medium-hard
523,-,6,517,medium-hard
684,-,36,648,medium-hard
479,-,31,448,medium-hard
198,-,20,178,medium-hard
480,-,73,407,medium-hard
550,-,45,505,medium-hard
787,-,60,727,medium-hard
296,-,24,272,medium-hard
986,-,82,904,medium-hard
177,-,70,107,medium-hard
849,-,26,823,medium-hard
352,-,0,352,medium-hard
360,-,7,353,medium-hard
748,-,14,734,medium-hard
963,-,46,917,medium-hard
440,-,28,412,medium-hard
139,-,2,137,medium-hard
254,-,25,229,medium-hard
381,-,68,313,medium-hard
648,-,44,604,medium-hard
554,-,2,552,medium-hard
574,-,14,560,medium-hard
853,-,7,846,medium-hard
317,-,15,302,medium-hard
397,-,27,370,medium-hard
276,-,39,237,medium-hard
682,-,11,671,medium-hard
232,-,7,225,medium-hard
128,-,18,110,medium-hard
278,-,62,216,medium-hard
166,-,4,162,medium-hard
210,-,1,209,medium-hard
691,-,48,643,medium-hard
566,-,41,525,medium-hard
866,-,32,834,medium-hard
643,-,0,643,medium-hard
863,-,42,821,medium-hard
915,-,9,906,medium-hard
232,-,16,216,medium-hard
206,-,0,206,medium-hard
298,-,12,286,medium-hard
184,-,27,157,medium-hard
163,-,12,151,medium-hard
358,-,16,342,medium-hard
832,-,12,820,medium-hard
208,-,2,206,medium-hard
515,-,12,503,medium-hard
425,-,17,408,medium-hard
602,-,1,601,medium-hard
472,-,47,425,medium-hard
683,-,41,642,medium-hard
162,-,24,138,medium-hard
208,-,1,207,medium-hard
133,-,10,123,medium-hard
899,-,7,892,medium-hard
314,-,12,302,medium-hard
903,-,1,902,medium-hard
420,-,15,405,medium-hard
141,-,6,135,medium-hard
493,-,0,493,medium-hard
547,-,16,531,medium-hard
504,-,4,500,medium-hard
182,-,1,181,medium-hard
177,-,33,144,medium-hard
161,-,44,117,medium-hard
255,-,32,223,medium-hard
379,-,44,335,medium-hard
469,-,26,443,medium-hard
547,-,26,521,medium-hard
560,-,60,500,medium-hard
919,-,12,907,medium-hard
845,-,4,841,medium-hard
771,-,26,745,medium-hard
654,-,22,632,medium-hard
332,-,6,326,medium-hard
136,-,21,115,medium-hard
152,-,41,111,medium-hard
189,-,51,138,medium-hard
771,-,49,722,medium-hard
787,-,8,779,medium-hard
469,-,1,468,medium-hard
477,-,52,425,medium-hard
867,-,18,849,medium-hard
960,-,30,930,medium-hard
694,-,28,666,medium-hard
364,-,61,303,medium-hard
419,-,0,419,medium-hard
812,-,2,810,medium-hard
759,-,35,724,medium-hard
625,-,3,622,medium-hard
905,-,2,903,medium-hard
830,-,1,829,medium-hard
957,-,36,921,medium-hard
289,-,65,224,medium-hard
657,-,53,604,medium-hard
971,-,42,929,medium-hard
132,-,26,106,medium-hard
799,-,10,789,medium-hard
391,-,23,368,medium-hard
417,-,2,415,medium-hard
682,-,66,616,medium-hard
964,-,64,900,medium-hard
344,-,14,330,medium-hard
467,-,46,421,medium-hard
151,-,3,148,medium-hard
748,-,20,728,medium-hard
618,-,10,608,medium-hard
390,-,30,360,medium-hard
285,-,38,247,medium-hard
714,-,8,706,medium-hard
202,-,2,200,medium-hard
888,-,52,836,medium-hard
368,-,23,345,medium-hard
947,-,31,916,medium-hard
398,-,21,377,medium-hard
891,-,16,875,medium-hard
409,-,6,403,medium-hard
931,-,2,929,medium-hard
491,-,71,420,medium-hard
693,-,67,626,medium-hard
455,-,41,414,medium-hard
826,-,16,810,medium-hard
238,-,16,222,medium-hard
706,-,1,705,medium-hard
585,-,22,563,medium-hard
223,-,3,220,medium-hard
215,-,11,204,medium-hard
131,-,14,117,medium-hard
901,-,0,901,medium-hard
150,-,8,142,medium-hard
493,-,83,410,medium-hard
303,-,0,303,medium-hard
583,-,70,513,medium-hard
175,-,10,165,medium-hard
463,-,62,401,medium-hard
576,-,61,515,medium-hard
190,-,17,173,medium-hard
170,-,1,169,medium-hard
516,-,2,514,medium-hard
613,-,1,612,medium-hard
616,-,8,608,medium-hard
616,-,15,601,medium-hard
322,-,3,319,medium-hard
318,-,16,302,medium-hard
312,-,6,306,medium-hard
562,-,6,556,medium-hard
654,-,8,646,medium-hard
940,-,14,926,medium-hard
141,-,31,110,medium-hard
136,-,10,126,medium-hard
770,-,62,708,medium-hard
833,-,17,816,medium-hard
390,-,18,372,medium-hard
535,-,12,523,medium-hard
576,-,52,524,medium-hard
113,-,2,111,medium-hard
795,-,92,703,medium-hard
366,-,0,366,medium-hard
407,-,2,405,medium-hard
466,-,7,459,medium-hard
697,-,55,642,medium-hard
782,-,18,764,medium-hard
588,-,75,513,medium-hard
197,-,95,102,medium-hard
528,-,11,517,medium-hard
415,-,13,402,medium-hard
802,-,0,802,medium-hard
571,-,7,564,medium-hard
413,-,12,401,medium-hard
384,-,96,288,hard
924,-,14,910,hard
441,-,17,424,hard
370,-,46,324,hard
993,-,54,939,hard
970,-,18,952,hard
176,-,46,130,hard
186,-,26,160,hard
507,-,25,482,hard
728,-,16,712,hard
862,-,44,818,hard
826,-,97,729,hard
383,-,28,355,hard
405,-,74,331,hard
507,-,75,432,hard
838,-,93,745,hard
438,-,74,364,hard
335,-,23,312,hard
730,-,33,697,hard
504,-,67,437,hard
957,-,15,942,hard
788,-,75,713,hard
625,-,92,533,hard
238,-,70,168,hard
199,-,57,142,hard
985,-,81,904,hard
689,-,20,669,hard
561,-,59,502,hard
453,-,14,439,hard
847,-,50,797,hard
357,-,11,346,hard
444,-,81,363,hard
798,-,80,718,hard
619,-,38,581,hard
977,-,42,935,hard
877,-,54,823,hard
661,-,34,627,hard
187,-,12,175,hard
710,-,78,632,hard
482,-,89,393,hard
239,-,72,167,hard
495,-,76,419,hard
665,-,56,609,hard
501,-,45,456,hard
581,-,72,509,hard
197,-,25,172,hard
322,-,32,290,hard
715,-,18,697,hard
960,-,17,943,hard
621,-,84,537,hard
976,-,69,907,hard
917,-,81,836,hard
242,-,63,179,hard
799,-,34,765,hard
581,-,43,538,hard
341,-,68,273,hard
290,-,13,277,hard
997,-,67,930,hard
179,-,78,101,hard
215,-,77,138,hard
115,-,64,51,hard
610,-,97,513,hard
740,-,37,703,hard
326,-,18,308,hard
167,-,93,74,hard
578,-,66,512,hard
606,-,10,596,hard
434,-,71,363,hard
614,-,71,543,hard
808,-,29,779,hard
977,-,73,904,hard
135,-,14,121,hard
176,-,66,110,hard
167,-,79,88,hard
534,-,28,506,hard
776,-,47,729,hard
242,-,62,180,hard
592,-,65,527,hard
476,-,95,381,hard
876,-,19,857,hard
154,-,37,117,hard
715,-,59,656,hard
775,-,12,763,hard
557,-,35,522,hard
468,-,60,408,hard
632,-,88,544,hard
807,-,68,739,hard
540,-,30,510,hard
997,-,60,937,hard
440,-,61,379,hard
235,-,96,139,hard
621,-,91,530,hard
468,-,30,438,hard
581,-,88,493,hard
954,-,26,928,hard
896,-,79,817,hard
336,-,79,257,hard
803,-,44,759,hard
139,-,46,93,hard
807,-,48,759,hard
668,-,53,615,hard
599,-,83,516,hard
132,-,34,98,hard
689,-,31,658,hard
966,-,92,874,hard
528,-,37,491,hard
639,-,67,572,hard
583,-,61,522,hard
559,-,66,493,hard
931,-,32,899,hard
633,-,89,544,hard
321,-,63,258,hard
123,-,74,49,hard
688,-,98,590,hard
532,-,53,479,hard
183,-,50,133,hard
468,-,17,451,hard
731,-,63,668,hard
302,-,75,227,hard
439,-,36,403,hard
227,-,26,201,hard
237,-,47,190,hard
393,-,73,320,hard
970,-,95,875,hard
431,-,83,348,hard
678,-,64,614,hard
325,-,94,231,hard
504,-,89,415,hard
601,-,23,578,hard
250,-,61,189,hard
262,-,85,177,hard
254,-,92,162,hard
187,-,30,157,hard
205,-,59,146,hard
345,-,72,273,hard
208,-,35,173,hard
140,-,94,46,hard
855,-,25,830,hard
398,-,81,317,hard
468,-,91,377,hard
767,-,33,734,hard
822,-,95,727,hard
714,-,28,686,hard
526,-,78,448,hard
425,-,89,336,hard
922,-,26,896,hard
147,-,25,122,hard
977,-,16,961,hard
725,-,38,687,hard
417,-,13,404,hard
428,-,86,342,hard
356,-,36,320,hard
351,-,62,289,hard
337,-,45,292,hard
279,-,18,261,hard
202,-,10,192,hard
648,-,82,566,hard
773,-,89,684,hard
884,-,53,831,hard
763,-,86,677,hard
439,-,77,362,hard
964,-,43,921,hard
772,-,74,698,hard
568,-,90,478,hard
792,-,61,731,hard
153,-,87,66,hard
901,-,40,861,hard
113,-,28,85,hard
765,-,68,697,hard
188,-,16,172,hard
750,-,71,679,hard
309,-,39,270,hard
774,-,10,764,hard
934,-,97,837,hard
635,-,20,615,hard
622,-,45,577,hard
602,-,76,526,hard
667,-,96,571,hard
424,-,11,413,hard
104,-,97,7,hard
980,-,76,904,hard
346,-,15,331,hard
778,-,91,687,hard
351,-,18,333,hard
701,-,94,607,hard
709,-,68,641,hard
489,-,30,459,hard
306,-,63,243,hard
252,-,83,169,hard
682,-,50,632,hard
749,-,43,706,hard
957,-,56,901,hard
961,-,22,939,hard
567,-,10,557,hard
828,-,58,770,hard
689,-,68,621,hard
609,-,79,530,hard
118,-,79,39,hard
779,-,44,735,hard
401,-,33,368,hard
463,-,14,449,hard
175,-,98,77,hard
191,-,38,153,hard
184,-,84,100,hard
730,-,46,684,hard
135,-,45,90,hard
954,-,43,911,hard
637,-,79,558,hard
550,-,12,538,hard
618,-,15,603,hard
711,-,77,634,hard
472,-,60,412,hard
557,-,57,500,hard
855,-,19,836,hard
755,-,45,710,hard
379,-,39,340,hard
642,-,96,546,hard
251,-,46,205,hard
563,-,28,535,hard
386,-,57,329,hard
389,-,45,344,hard
642,-,89,553,hard
112,-,21,91,hard
718,-,11,707,hard
664,-,19,645,hard
637,-,42,595,hard
689,-,51,638,hard
320,-,90,230,hard
111,-,45,66,hard
451,-,57,394,hard
824,-,33,791,hard
203,-,96,107,hard
550,-,93,457,hard
689,-,46,643,hard
223,-,67,156,hard
338,-,27,311,hard
255,-,63,192,hard
845,-,16,829,hard
877,-,77,800,hard
979,-,82,897,hard
492,-,79,413,hard
121,-,17,104,hard
739,-,16,723,hard
439,-,45,394,hard
895,-,15,880,hard
810,-,71,739,hard
688,-,89,599,hard
461,-,58,403,hard
493,-,31,462,hard
764,-,81,683,hard
317,-,90,227,hard
958,-,90,868,hard
165,-,58,107,hard
306,-,54,252,hard
629,-,36,593,hard
213,-,25,188,hard
174,-,82,92,hard
986,-,48,938,hard
744,-,39,705,hard
602,-,84,518,hard
137,-,35,102,hard
802,-,80,722,hard
539,-,95,444,hard
224,-,88,136,hard
295,-,60,235,hard
920,-,36,884,hard
769,-,49,720,hard
780,-,41,739,hard
620,-,28,592,hard
718,-,87,631,hard
186,-,10,176,hard
715,-,67,648,hard
145,-,90,55,hard
596,-,97,499,hard
496,-,99,397,hard
755,-,96,659,hard
253,-,89,164,hard
734,-,63,671,hard
629,-,38,591,hard
874,-,14,860,hard
230,-,39,191,hard
488,-,90,398,hard
750,-,36,714,hard
230,-,23,207,hard
785,-,37,748,hard
188,-,36,152,hard
302,-,18,284,hard
332,-,16,316,hard
946,-,71,875,hard
717,-,86,631,hard
213,-,35,178,hard
341,-,70,271,hard
352,-,60,292,hard
820,-,75,745,hard
409,-,19,390,hard
951,-,72,879,hard
223,-,92,131,hard
114,-,60,54,hard
115,-,74,41,hard
993,-,34,959,hard
848,-,60,788,hard
886,-,96,790,hard
958,-,86,872,hard
681,-,88,593,hard
645,-,53,592,hard
887,-,34,853,hard
680,-,64,616,hard
439,-,63,376,hard
407,-,38,369,hard
420,-,70,350,hard
779,-,76,703,hard
944,-,83,861,hard
865,-,81,784,hard
928,-,41,887,hard
174,-,98,76,hard
527,-,55,472,hard
219,-,70,149,hard
242,-,70,172,hard
349,-,19,330,hard
676,-,11,665,hard
347,-,26,321,hard
475,-,11,464,hard
761,-,19,742,hard
993,-,24,969,hard
458,-,11,447,hard
516,-,80,436,hard
358,-,34,324,hard
956,-,92,864,hard
367,-,62,305,hard
876,-,58,818,hard
545,-,49,496,hard
127,-,63,64,hard
936,-,61,875,hard
432,-,85,347,hard
971,-,59,912,hard
137,-,72,65,hard
271,-,20,251,hard
568,-,78,490,hard
373,-,84,289,hard
781,-,54,727,hard
438,-,13,425,hard
412,-,28,384,hard
450,-,24,426,hard
712,-,55,657,hard
675,-,39,636,hard
124,-,30,94,hard
308,-,89,219,hard
517,-,88,429,hard
528,-,72,456,hard
801,-,94,707,hard
543,-,34,509,hard
485,-,34,451,hard
915,-,43,872,hard
514,-,64,450,hard
229,-,46,183,hard
120,-,81,39,hard
722,-,57,665,hard
214,-,86,128,hard
196,-,56,140,hard
354,-,41,313,hard
593,-,75,518,hard
873,-,89,784,hard
967,-,66,901,hard
503,-,14,489,hard
708,-,46,662,hard
248,-,78,170,hard
220,-,65,155,hard
707,-,63,644,hard
279,-,85,194,hard
514,-,84,430,hard
395,-,56,339,hard
672,-,33,639,hard
980,-,24,956,hard
898,-,94,804,hard
754,-,80,674,hard
352,-,15,337,hard
316,-,14,302,hard
232,-,39,193,hard
121,-,56,65,hard
803,-,80,723,hard
407,-,73,334,hard
607,-,42,565,hard
326,-,79,247,hard
139,-,87,52,hard
299,-,47,252,hard
746,-,48,698,hard
961,-,70,891,hard
613,-,86,527,hard
625,-,95,530,hard
553,-,60,493,hard
119,-,98,21,hard
529,-,53,476,hard
949,-,94,855,hard
214,-,71,143,hard
995,-,73,922,hard
545,-,62,483,hard
977,-,31,946,hard
992,-,20,972,hard
780,-,73,707,hard
557,-,84,473,hard
354,-,94,260,hard
285,-,22,263,hard
545,-,41,504,hard
757,-,77,680,hard
465,-,65,400,hard
763,-,71,692,hard
980,-,49,931,hard
358,-,96,262,hard
133,-,32,101,hard
640,-,55,585,hard
619,-,59,560,hard
152,-,39,113,hard
381,-,86,295,hard
229,-,39,190,hard
438,-,86,352,hard
935,-,91,844,hard
642,-,70,572,hard
725,-,29,696,hard
642,-,75,567,hard
768,-,27,741,hard
986,-,11,975,hard
192,-,50,142,hard
756,-,41,715,hard
155,-,89,66,hard
145,-,17,128,hard
115,-,69,46,hard
512,-,94,418,hard
989,-,15,974,hard
232,-,48,184,hard
239,-,95,144,hard
433,-,52,381,hard
192,-,12,180,hard
172,-,77,95,hard
330,-,64,266,hard
328,-,85,243,hard
753,-,77,676,hard
381,-,37,344,hard
219,-,84,135,hard
461,-,39,422,hard
360,-,14,346,hard
711,-,73,638,hard
689,-,34,655,hard
529,-,70,459,hard
471,-,47,424,hard
543,-,30,513,hard
878,-,95,783,hard
304,-,39,265,hard
481,-,72,409,hard
975,-,68,907,hard
661,-,12,649,hard
609,-,67,542,hard
622,-,51,571,hard
959,-,58,901,hard
420,-,25,395,hard
256,-,51,205,hard
192,-,25,167,hard
639,-,81,558,hard
769,-,65,704,hard
984,-,55,929,hard
925,-,42,883,hard
896,-,38,858,hard
395,-,54,341,hard
355,-,66,289,hard
144,-,55,89,hard
263,-,33,230,hard
286,-,90,196,hard
168,-,15,153,hard
113,-,14,99,hard
630,-,25,605,hard
886,-,66,820,hard
584,-,20,564,hard
748,-,20,728,hard
492,-,49,443,hard
695,-,57,638,hard
170,-,37,133,hard
835,-,29,806,hard
558,-,60,498,hard
141,-,17,124,hard
880,-,84,796,hard
923,-,36,887,hard
213,-,22,191,hard
661,-,18,643,hard
976,-,39,937,hard
264,-,25,239,hard
116,-,33,83,hard
736,-,27,709,hard
833,-,96,737,hard
162,-,21,141,hard
372,-,14,358,hard
772,-,33,739,hard
233,-,20,213,hard
109,-,62,47,hard
975,-,62,913,hard
403,-,63,340,hard
608,-,98,510,hard
678,-,31,647,hard
209,-,92,117,hard
737,-,10,727,hard
365,-,70,295,hard
644,-,39,605,hard
915,-,84,831,hard
525,-,10,515,hard
801,-,90,711,hard
841,-,93,748,hard
288,-,13,275,hard
613,-,35,578,hard
764,-,68,696,hard
518,-,65,453,hard
582,-,31,551,hard
142,-,85,57,hard
635,-,71,564,hard
392,-,69,323,hard
984,-,15,969,hard
739,-,85,654,hard
972,-,25,947,hard
474,-,89,385,hard
375,-,83,292,hard
972,-,92,880,hard
117,-,88,29,hard
973,-,60,913,hard
130,-,13,117,hard
393,-,31,362,hard
622,-,73,549,hard
100,-,39,61,hard
558,-,29,529,hard
702,-,45,657,hard
389,-,83,306,hard
793,-,90,703,hard
129,-,37,92,hard
651,-,36,615,hard
287,-,55,232,hard
138,-,14,124,hard
868,-,37,831,hard
973,-,30,943,hard
371,-,94,277,hard
622,-,86,536,hard
807,-,56,751,hard
828,-,64,764,hard
828,-,74,754,hard
972,-,14,958,hard
801,-,27,774,hard
891,-,16,875,hard
574,-,46,528,hard
487,-,83,404,hard
853,-,60,793,hard
323,-,12,311,hard
808,-,24,784,hard
491,-,14,477,hard
427,-,86,341,hard
173,-,85,88,hard
100,-,89,11,hard
797,-,70,727,hard
969,-,79,890,hard
526,-,81,445,hard
134,-,31,103,hard
189,-,64,125,hard
395,-,83,312,hard
782,-,36,746,hard
436,-,26,410,hard
466,-,72,394,hard
330,-,83,247,hard
296,-,97,199,hard
847,-,25,822,hard
533,-,52,481,hard
739,-,33,706,hard
644,-,18,626,hard
598,-,54,544,hard
439,-,16,423,hard
912,-,46,866,hard
872,-,87,785,hard
224,-,66,158,hard
593,-,28,565,hard
637,-,66,571,hard
925,-,18,907,hard
980,-,26,954,hard
653,-,34,619,hard
233,-,92,141,hard
550,-,11,539,hard
975,-,21,954,hard
271,-,13,258,hard
920,-,41,879,hard
410,-,92,318,hard
619,-,61,558,hard
244,-,21,223,hard
630,-,55,575,hard
928,-,90,838,hard
129,-,28,101,hard
690,-,63,627,hard
441,-,18,423,hard
197,-,13,184,hard
888,-,15,873,hard
635,-,88,547,hard
365,-,29,336,hard
337,-,83,254,hard
366,-,58,308,hard
490,-,61,429,hard
205,-,47,158,hard
854,-,67,787,hard
679,-,87,592,hard
572,-,88,484,hard
679,-,19,660,hard
713,-,72,641,hard
148,-,60,88,hard
931,-,52,879,hard
258,-,38,220,hard
638,-,11,627,hard
320,-,86,234,hard
740,-,71,669,hard
578,-,57,521,hard
273,-,87,186,hard
484,-,88,396,hard
874,-,24,850,hard
638,-,26,612,hard
121,-,77,44,hard
726,-,73,653,hard
106,-,43,63,hard
803,-,83,720,hard
917,-,83,834,hard
845,-,27,818,hard
440,-,57,383,hard
531,-,81,450,hard
168,-,26,142,hard
471,-,12,459,hard
965,-,49,916,hard
268,-,98,170,hard
130,-,42,88,hard
503,-,72,431,hard
232,-,68,164,hard
490,-,65,425,hard
933,-,81,852,hard
201,-,19,182,hard
307,-,80,227,hard
127,-,68,59,hard
989,-,94,895,hard
566,-,54,512,hard
908,-,23,885,hard
478,-,85,393,hard
362,-,84,278,hard
465,-,99,366,hard
986,-,45,941,hard
240,-,33,207,hard
613,-,79,534,hard
500,-,94,406,hard
581,-,24,557,hard
491,-,11,480,hard
448,-,29,419,hard
774,-,50,724,hard
941,-,16,925,hard
531,-,58,473,hard
114,-,12,102,hard
238,-,80,158,hard
340,-,72,268,hard
338,-,22,316,hard
503,-,29,474,hard
990,-,29,961,hard
522,-,28,494,hard
552,-,39,513,hard
554,-,50,504,hard
572,-,24,548,hard
237,-,18,219,hard
846,-,16,830,hard
125,-,84,41,hard
824,-,52,772,hard
562,-,66,496,hard
654,-,70,584,hard
928,-,27,901,hard
778,-,29,749,hard
522,-,42,480,hard
847,-,93,754,hard
770,-,65,705,hard
555,-,51,504,hard
515,-,66,449,hard
780,-,37,743,hard
130,-,95,35,hard
756,-,70,686,hard
899,-,27,872,hard
423,-,14,409,hard
661,-,68,593,hard
998,-,78,920,hard
876,-,51,825,hard
189,-,22,167,hard
658,-,59,599,hard
983,-,52,931,hard
121,-,90,31,hard
968,-,27,941,hard
122,-,29,93,hard
772,-,35,737,hard
173,-,70,103,hard
922,-,34,888,hard
768,-,14,754,hard
264,-,44,220,hard
253,-,15,238,hard
214,-,34,180,hard
103,-,59,44,hard
582,-,23,559,hard
744,-,26,718,hard
139,-,85,54,hard
321,-,95,226,hard
425,-,91,334,hard
278,-,62,216,hard
391,-,14,377,hard
828,-,88,740,hard
106,-,64,42,hard
455,-,32,423,hard
624,-,99,525,hard
173,-,92,81,hard
951,-,35,916,hard
583,-,18,565,hard
952,-,97,855,hard
280,-,55,225,hard
709,-,14,695,hard
623,-,15,608,hard
391,-,78,313,hard
977,-,86,891,hard
787,-,95,692,hard
602,-,88,514,hard
253,-,14,239,hard
360,-,81,279,hard
309,-,30,279,hard
623,-,12,611,hard
254,-,99,155,hard
231,-,72,159,hard
301,-,58,243,hard
554,-,63,491,hard
766,-,20,746,hard
446,-,30,416,hard
732,-,37,695,hard
117,-,18,99,hard
147,-,97,50,hard
527,-,94,433,hard
703,-,44,659,hard
496,-,58,438,hard
308,-,25,283,hard
899,-,26,873,hard
173,-,41,132,hard
862,-,82,780,hard
445,-,45,400,hard
985,-,90,895,hard
938,-,92,846,hard
274,-,65,209,hard
614,-,17,597,hard
371,-,55,316,hard
171,-,21,150,hard
579,-,78,501,hard
549,-,50,499,hard
317,-,53,264,hard
672,-,41,631,hard
447,-,82,365,hard
827,-,98,729,hard
773,-,22,751,hard
571,-,99,472,hard
963,-,73,890,hard
595,-,71,524,hard
775,-,68,707,hard
152,-,99,53,hard
582,-,27,555,hard
181,-,32,149,hard
329,-,50,279,hard
244,-,82,162,hard
787,-,74,713,hard
677,-,22,655,hard
870,-,76,794,hard
363,-,62,301,hard
940,-,30,910,hard
981,-,88,893,hard
666,-,90,576,hard
112,-,28,84,hard
738,-,68,670,hard
823,-,32,791,hard
672,-,50,622,hard
531,-,61,470,hard
418,-,15,403,hard
313,-,53,260,hard
698,-,85,613,hard
916,-,45,871,hard
402,-,18,384,hard
796,-,44,752,hard
123,-,81,42,hard
612,-,73,539,hard
958,-,54,904,hard
112,-,26,86,hard
922,-,98,824,hard
367,-,76,291,hard
940,-,71,869,hard
905,-,58,847,hard
965,-,23,942,hard
486,-,29,457,hard
678,-,91,587,hard
335,-,83,252,hard
919,-,11,908,hard
797,-,95,702,hard
500,-,40,460,hard
849,-,84,765,hard
608,-,26,582,hard
176,-,61,115,hard
380,-,93,287,hard
859,-,62,797,hard
494,-,71,423,hard
873,-,73,800,hard
512,-,32,480,hard
190,-,73,117,hard
104,-,77,27,hard
106,-,16,90,hard
679,-,45,634,hard
575,-,80,495,hard
985,-,66,919,hard
404,-,63,341,hard
507,-,53,454,hard
165,-,16,149,hard
139,-,89,50,hard
450,-,94,356,hard
616,-,86,530,hard
259,-,31,228,hard
163,-,88,75,hard
378,-,90,288,hard
359,-,87,272,hard
446,-,85,361,hard
869,-,10,859,hard
655,-,91,564,hard
327,-,74,253,hard
281,-,21,260,hard
961,-,58,903,hard
787,-,25,762,hard
789,-,72,717,hard
945,-,70,875,hard
528,-,98,430,hard
666,-,79,587,hard
979,-,75,904,hard
435,-,79,356,hard
582,-,58,524,hard
150,-,16,134,hard
709,-,65,644,hard
401,-,88,313,hard
888,-,59,829,hard
640,-,76,564,hard
325,-,34,291,hard
683,-,81,602,hard
336,-,63,273,hard
419,-,45,374,hard
762,-,34,728,hard
366,-,24,342,hard
877,-,29,848,hard
484,-,59,425,hard
795,-,26,769,hard
776,-,41,735,hard
472,-,80,392,hard
800,-,84,716,hard
792,-,17,775,hard
634,-,37,597,hard
284,-,89,195,hard
164,-,11,153,hard
923,-,60,863,hard
768,-,86,682,hard
219,-,18,201,hard
660,-,56,604,hard
853,-,77,776,hard
203,-,95,108,hard
241,-,52,189,hard
631,-,14,617,hard
838,-,83,755,hard
142,-,67,75,hard
888,-,52,836,hard
492,-,33,459,hard
831,-,57,774,hard
545,-,39,506,hard
433,-,67,366,hard
916,-,83,833,hard
377,-,89,288,hard
861,-,46,815,hard
475,-,28,447,hard
206,-,64,142,hard
255,-,25,230,hard
801,-,30,771,hard
443,-,61,382,hard
787,-,81,706,hard
370,-,52,318,hard
402,-,36,366,hard
795,-,76,719,hard
495,-,25,470,hard
315,-,22,293,hard
215,-,29,186,hard
611,-,24,587,hard
130,-,24,106,hard
829,-,79,750,hard
169,-,20,149,hard
551,-,79,472,hard
566,-,73,493,hard
637,-,39,598,hard
658,-,41,617,hard
488,-,57,431,hard
129,-,82,47,hard
341,-,71,270,hard
875,-,44,831,hard
941,-,17,924,hard
727,-,14,713,hard
199,-,72,127,hard
873,-,17,856,hard
198,-,93,105,hard
289,-,23,266,hard
851,-,11,840,hard
839,-,61,778,hard
469,-,11,458,hard
503,-,75,428,hard
350,-,78,272,hard
722,-,26,696,hard
707,-,42,665,hard
680,-,32,648,hard
980,-,82,898,hard
757,-,44,713,hard
188,-,98,90,hard
534,-,15,519,hard
454,-,90,364,hard
492,-,86,406,hard
186,-,14,172,hard
298,-,51,247,hard
462,-,67,395,hard
289,-,63,226,hard
739,-,35,704,hard
536,-,38,498,hard
650,-,75,575,hard
126,-,77,49,hard
798,-,93,705,hard
307,-,15,292,hard
392,-,51,341,hard
481,-,69,412,hard
810,-,75,735,hard
245,-,98,147,hard
512,-,98,414,hard
502,-,47,455,hard
129,-,34,95,hard
260,-,79,181,hard
555,-,29,526,hard
755,-,83,672,hard
199,-,12,187,hard
574,-,30,544,hard
110,-,71,39,hard
856,-,26,830,hard
154,-,26,128,hard
649,-,73,576,hard
989,-,18,971,hard
376,-,20,356,hard
337,-,51,286,hard
287,-,19,268,hard
197,-,99,98,hard
519,-,28,491,hard
787,-,67,720,hard
774,-,40,734,hard
199,-,15,184,hard
455,-,82,373,hard
684,-,88,596,hard
574,-,41,533,hard
593,-,88,505,hard
700,-,28,672,hard
646,-,20,626,hard
866,-,96,770,hard
771,-,47,724,hard
604,-,84,520,hard
319,-,91,228,hard
107,-,45,62,hard
115,-,58,57,hard
512,-,85,427,hard
243,-,77,166,hard
680,-,58,622,hard
919,-,92,827,hard
242,-,40,202,hard
602,-,83,519,hard
125,-,48,77,hard
848,-,31,817,hard
338,-,68,270,hard
214,-,51,163,hard
233,-,85,148,hard
313,-,55,258,hard
372,-,82,290,hard
557,-,73,484,hard
248,-,45,203,hard
972,-,47,925,hard
879,-,43,836,hard
751,-,56,695,hard
582,-,70,512,hard
188,-,44,144,hard
116,-,70,46,hard
184,-,99,85,hard
923,-,68,855,hard
247,-,66,181,hard
844,-,80,764,hard
368,-,31,337,hard
597,-,11,586,hard
928,-,78,850,hard
986,-,32,954,hard
169,-,111,58,advanced
519,-,377,142,advanced
699,-,687,12,advanced
320,-,159,161,advanced
687,-,625,62,advanced
910,-,448,462,advanced
976,-,940,36,advanced
770,-,469,301,advanced
596,-,261,335,advanced
291,-,250,41,advanced
698,-,552,146,advanced
277,-,185,92,advanced
250,-,238,12,advanced
622,-,243,379,advanced
493,-,163,330,advanced
859,-,743,116,advanced
668,-,642,26,advanced
895,-,786,109,advanced
857,-,817,40,advanced
958,-,565,393,advanced
149,-,118,31,advanced
702,-,311,391,advanced
122,-,108,14,advanced
180,-,118,62,advanced
852,-,519,333,advanced
406,-,270,136,advanced
582,-,230,352,advanced
761,-,575,186,advanced
999,-,999,0,advanced
821,-,352,469,advanced
989,-,902,87,advanced
704,-,492,212,advanced
314,-,180,134,advanced
521,-,201,320,advanced
266,-,117,149,advanced
648,-,159,489,advanced
676,-,676,0,advanced
937,-,260,677,advanced
629,-,185,444,advanced
723,-,175,548,advanced
648,-,251,397,advanced
494,-,421,73,advanced
571,-,277,294,advanced
729,-,451,278,advanced
322,-,196,126,advanced
819,-,328,491,advanced
888,-,365,523,advanced
602,-,418,184,advanced
665,-,131,534,advanced
984,-,792,192,advanced
517,-,267,250,advanced
529,-,274,255,advanced
286,-,238,48,advanced
749,-,596,153,advanced
262,-,254,8,advanced
776,-,269,507,advanced
286,-,174,112,advanced
580,-,448,132,advanced
131,-,118,13,advanced
643,-,475,168,advanced
122,-,111,11,advanced
107,-,103,4,advanced
412,-,410,2,advanced
423,-,111,312,advanced
934,-,919,15,advanced
635,-,449,186,advanced
756,-,522,234,advanced
941,-,794,147,advanced
802,-,699,103,advanced
954,-,762,192,advanced
301,-,124,177,advanced
133,-,112,21,advanced
689,-,342,347,advanced
350,-,281,69,advanced
874,-,565,309,advanced
624,-,467,157,advanced
266,-,223,43,advanced
273,-,101,172,advanced
905,-,529,376,advanced
681,-,565,116,advanced
864,-,277,587,advanced
572,-,368,204,advanced
598,-,432,166,advanced
662,-,408,254,advanced
814,-,804,10,advanced
235,-,224,11,advanced
890,-,587,303,advanced
749,-,165,584,advanced
772,-,431,341,advanced
727,-,694,33,advanced
126,-,106,20,advanced
879,-,272,607,advanced
695,-,114,581,advanced
992,-,432,560,advanced
834,-,150,684,advanced
963,-,905,58,advanced
199,-,186,13,advanced
130,-,100,30,advanced
512,-,100,412,advanced
704,-,487,217,advanced
305,-,260,45,advanced
237,-,198,39,advanced
235,-,210,25,advanced
145,-,135,10,advanced
760,-,489,271,advanced
855,-,556,299,advanced
817,-,717,100,advanced
283,-,182,101,advanced
619,-,400,219,advanced
854,-,553,301,advanced
651,-,420,231,advanced
159,-,125,34,advanced
577,-,485,92,advanced
420,-,115,305,advanced
495,-,397,98,advanced
290,-,164,126,advanced
755,-,324,431,advanced
599,-,402,197,advanced
383,-,268,115,advanced
524,-,383,141,advanced
620,-,214,406,advanced
632,-,106,526,advanced
431,-,231,200,advanced
819,-,692,127,advanced
819,-,748,71,advanced
530,-,432,98,advanced
279,-,174,105,advanced
212,-,137,75,advanced
648,-,183,465,advanced
382,-,281,101,advanced
256,-,231,25,advanced
813,-,389,424,advanced
335,-,105,230,advanced
166,-,105,61,advanced
815,-,645,170,advanced
563,-,397,166,advanced
806,-,372,434,advanced
172,-,151,21,advanced
427,-,174,253,advanced
813,-,475,338,advanced
536,-,516,20,advanced
267,-,227,40,advanced
836,-,804,32,advanced
598,-,494,104,advanced
229,-,191,38,advanced
390,-,290,100,advanced
318,-,239,79,advanced
157,-,142,15,advanced
802,-,709,93,advanced
347,-,315,32,advanced
269,-,111,158,advanced
104,-,102,2,advanced
360,-,204,156,advanced
664,-,109,555,advanced
358,-,131,227,advanced
560,-,518,42,advanced
927,-,473,454,advanced
317,-,222,95,advanced
675,-,213,462,advanced
590,-,280,310,advanced
187,-,131,56,advanced
844,-,244,600,advanced
990,-,647,343,advanced
345,-,284,61,advanced
100,-,100,0,advanced
146,-,101,45,advanced
481,-,128,353,advanced
397,-,233,164,advanced
909,-,594,315,advanced
981,-,348,633,advanced
625,-,459,166,advanced
616,-,145,471,advanced
293,-,282,11,advanced
220,-,128,92,advanced
252,-,146,106,advanced
150,-,132,18,advanced
439,-,217,222,advanced
810,-,655,155,advanced
141,-,106,35,advanced
286,-,220,66,advanced
907,-,370,537,advanced
223,-,213,10,advanced
525,-,115,410,advanced
695,-,448,247,advanced
972,-,123,849,advanced
439,-,130,309,advanced
315,-,303,12,advanced
362,-,349,13,advanced
449,-,301,148,advanced
617,-,141,476,advanced
113,-,107,6,advanced
880,-,350,530,advanced
293,-,157,136,advanced
577,-,484,93,advanced
888,-,859,29,advanced
895,-,397,498,advanced
294,-,146,148,advanced
654,-,629,25,advanced
714,-,539,175,advanced
355,-,170,185,advanced
645,-,598,47,advanced
469,-,102,367,advanced
604,-,291,313,advanced
584,-,539,45,advanced
920,-,246,674,advanced
981,-,140,841,advanced
934,-,618,316,advanced
281,-,135,146,advanced
209,-,202,7,advanced
418,-,358,60,advanced
452,-,215,237,advanced
796,-,438,358,advanced
352,-,129,223,advanced
435,-,295,140,advanced
233,-,155,78,advanced
874,-,849,25,advanced
199,-,107,92,advanced
665,-,166,499,advanced
891,-,266,625,advanced
450,-,177,273,advanced
523,-,416,107,advanced
326,-,169,157,advanced
453,-,304,149,advanced
658,-,537,121,advanced
211,-,111,100,advanced
118,-,104,14,advanced
796,-,706,90,advanced
953,-,526,427,advanced
887,-,424,463,advanced
466,-,335,131,advanced
827,-,475,352,advanced
588,-,451,137,advanced
603,-,540,63,advanced
232,-,201,31,advanced
435,-,283,152,advanced
744,-,705,39,advanced
571,-,140,431,advanced
101,-,100,1,advanced
633,-,149,484,advanced
486,-,338,148,advanced
533,-,452,81,advanced
555,-,536,19,advanced
128,-,118,10,advanced
438,-,289,149,advanced
533,-,533,0,advanced
392,-,148,244,advanced
259,-,147,112,advanced
513,-,423,90,advanced
315,-,267,48,advanced
983,-,829,154,advanced
768,-,652,116,advanced
636,-,357,279,advanced
948,-,385,563,advanced
171,-,168,3,advanced
902,-,342,560,advanced
544,-,475,69,advanced
819,-,551,268,advanced
469,-,261,208,advanced
390,-,252,138,advanced
616,-,328,288,advanced
539,-,197,342,advanced
854,-,599,255,advanced
141,-,101,40,advanced
383,-,225,158,advanced
409,-,203,206,advanced
717,-,687,30,advanced
551,-,394,157,advanced
800,-,392,408,advanced
688,-,382,306,advanced
896,-,429,467,advanced
481,-,397,84,advanced
743,-,528,215,advanced
748,-,549,199,advanced
337,-,117,220,advanced
499,-,110,389,advanced
144,-,122,22,advanced
242,-,214,28,advanced
665,-,124,541,advanced
682,-,327,355,advanced
120,-,120,0,advanced
919,-,104,815,advanced
720,-,393,327,advanced
987,-,157,830,advanced
877,-,169,708,advanced
391,-,345,46,advanced
971,-,746,225,advanced
505,-,264,241,advanced
721,-,506,215,advanced
737,-,376,361,advanced
107,-,104,3,advanced
828,-,711,117,advanced
932,-,685,247,advanced
581,-,412,169,advanced
302,-,183,119,advanced
352,-,164,188,advanced
302,-,106,196,advanced
669,-,223,446,advanced
465,-,389,76,advanced
412,-,202,210,advanced
999,-,916,83,advanced
960,-,105,855,advanced
595,-,563,32,advanced
380,-,232,148,advanced
780,-,655,125,advanced
369,-,103,266,advanced
751,-,324,427,advanced
480,-,174,306,advanced
542,-,261,281,advanced
155,-,137,18,advanced
666,-,439,227,advanced
241,-,166,75,advanced
678,-,573,105,advanced
687,-,420,267,advanced
522,-,480,42,advanced
342,-,138,204,advanced
472,-,216,256,advanced
911,-,691,220,advanced
125,-,121,4,advanced
872,-,564,308,advanced
128,-,122,6,advanced
864,-,509,355,advanced
713,-,196,517,advanced
761,-,566,195,advanced
578,-,438,140,advanced
891,-,654,237,advanced
272,-,265,7,advanced
286,-,202,84,advanced
602,-,105,497,advanced
572,-,238,334,advanced
371,-,176,195,advanced
152,-,128,24,advanced
714,-,713,1,advanced
279,-,265,14,advanced
670,-,407,263,advanced
388,-,386,2,advanced
435,-,112,323,advanced
974,-,406,568,advanced
272,-,268,4,advanced
892,-,404,488,advanced
931,-,591,340,advanced
596,-,351,245,advanced
545,-,323,222,advanced
224,-,213,11,advanced
961,-,303,658,advanced
812,-,564,248,advanced
482,-,224,258,advanced
206,-,198,8,advanced
475,-,365,110,advanced
917,-,458,459,advanced
279,-,188,91,advanced
774,-,497,277,advanced
606,-,392,214,advanced
341,-,161,180,advanced
119,-,106,13,advanced
355,-,241,114,advanced
283,-,129,154,advanced
340,-,105,235,advanced
445,-,390,55,advanced
604,-,118,486,advanced
599,-,462,137,advanced
937,-,325,612,advanced
955,-,470,485,advanced
132,-,126,6,advanced
690,-,499,191,advanced
282,-,264,18,advanced
556,-,536,20,advanced
956,-,487,469,advanced
687,-,121,566,advanced
414,-,408,6,advanced
993,-,628,365,advanced
918,-,645,273,advanced
388,-,175,213,advanced
193,-,181,12,advanced
548,-,184,364,advanced
914,-,180,734,advanced
610,-,410,200,advanced
985,-,390,595,advanced
248,-,170,78,advanced
217,-,148,69,advanced
818,-,775,43,advanced
456,-,272,184,advanced
773,-,657,116,advanced
419,-,277,142,advanced
524,-,460,64,advanced
117,-,100,17,advanced
688,-,126,562,advanced
344,-,131,213,advanced
817,-,437,380,advanced
581,-,562,19,advanced
986,-,197,789,advanced
103,-,102,1,advanced
699,-,461,238,advanced
824,-,164,660,advanced
378,-,241,137,advanced
167,-,129,38,advanced
812,-,166,646,advanced
521,-,244,277,advanced
346,-,279,67,advanced
778,-,752,26,advanced
544,-,109,435,advanced
813,-,755,58,advanced
422,-,186,236,advanced
606,-,259,347,advanced
240,-,188,52,advanced
468,-,431,37,advanced
639,-,549,90,advanced
513,-,156,357,advanced
222,-,196,26,advanced
810,-,440,370,advanced
924,-,208,716,advanced
881,-,130,751,advanced
534,-,255,279,advanced
321,-,141,180,advanced
551,-,350,201,advanced
764,-,110,654,advanced
454,-,430,24,advanced
193,-,159,34,advanced
615,-,163,452,advanced
286,-,124,162,advanced
274,-,111,163,advanced
195,-,120,75,advanced
248,-,109,139,advanced
711,-,558,153,advanced
289,-,228,61,advanced
679,-,643,36,advanced
159,-,148,11,advanced
934,-,786,148,advanced
295,-,251,44,advanced
205,-,119,86,advanced
800,-,556,244,advanced
713,-,577,136,advanced
430,-,351,79,advanced
280,-,280,0,advanced
284,-,120,164,advanced
884,-,635,249,advanced
463,-,355,108,advanced
252,-,204,48,advanced
766,-,567,199,advanced
367,-,127,240,advanced
632,-,384,248,advanced
499,-,320,179,advanced
254,-,123,131,advanced
966,-,749,217,advanced
899,-,187,712,advanced
408,-,332,76,advanced
390,-,146,244,advanced
152,-,137,15,advanced
609,-,185,424,advanced
160,-,122,38,advanced
269,-,188,81,advanced
558,-,178,380,advanced
999,-,494,505,advanced
705,-,471,234,advanced
750,-,455,295,advanced
586,-,489,97,advanced
174,-,158,16,advanced
216,-,183,33,advanced
335,-,244,91,advanced
587,-,242,345,advanced
128,-,106,22,advanced
772,-,149,623,advanced
366,-,194,172,advanced
913,-,872,41,advanced
361,-,146,215,advanced
925,-,359,566,advanced
996,-,821,175,advanced
488,-,469,19,advanced
976,-,731,245,advanced
798,-,590,208,advanced
438,-,266,172,advanced
338,-,330,8,advanced
126,-,124,2,advanced
372,-,198,174,advanced
797,-,649,148,advanced
943,-,150,793,advanced
836,-,400,436,advanced
402,-,279,123,advanced
156,-,120,36,advanced
786,-,239,547,advanced
112,-,109,3,advanced
543,-,504,39,advanced
240,-,176,64,advanced
294,-,147,147,advanced
778,-,692,86,advanced
718,-,675,43,advanced
267,-,139,128,advanced
839,-,107,732,advanced
481,-,181,300,advanced
261,-,220,41,advanced
480,-,385,95,advanced
889,-,170,719,advanced
453,-,282,171,advanced
368,-,362,6,advanced
247,-,106,141,advanced
118,-,115,3,advanced
163,-,101,62,advanced
500,-,233,267,advanced
925,-,333,592,advanced
189,-,106,83,advanced
426,-,373,53,advanced
964,-,672,292,advanced
284,-,169,115,advanced
828,-,126,702,advanced
696,-,400,296,advanced
537,-,155,382,advanced
547,-,157,390,advanced
587,-,305,282,advanced
917,-,812,105,advanced
489,-,266,223,advanced
977,-,254,723,advanced
412,-,405,7,advanced
581,-,111,470,advanced
604,-,436,168,advanced
759,-,302,457,advanced
140,-,112,28,advanced
541,-,514,27,advanced
225,-,169,56,advanced
995,-,642,353,advanced
396,-,159,237,advanced
480,-,107,373,advanced
972,-,900,72,advanced
727,-,205,522,advanced
539,-,225,314,advanced
436,-,304,132,advanced
219,-,178,41,advanced
632,-,611,21,advanced
225,-,137,88,advanced
680,-,435,245,advanced
133,-,131,2,advanced
399,-,204,195,advanced
921,-,668,253,advanced
616,-,520,96,advanced
878,-,643,235,advanced
331,-,294,37,advanced
447,-,138,309,advanced
134,-,124,10,advanced
297,-,210,87,advanced
956,-,220,736,advanced
111,-,111,0,advanced
213,-,101,112,advanced
276,-,220,56,advanced
891,-,689,202,advanced
454,-,177,277,advanced
855,-,551,304,advanced
633,-,206,427,advanced
186,-,117,69,advanced
999,-,531,468,advanced
758,-,711,47,advanced
324,-,322,2,advanced
149,-,149,0,advanced
540,-,448,92,advanced
289,-,117,172,advanced
955,-,722,233,advanced
520,-,478,42,advanced
105,-,103,2,advanced
228,-,123,105,advanced
767,-,123,644,advanced
382,-,380,2,advanced
414,-,332,82,advanced
356,-,298,58,advanced
587,-,250,337,advanced
783,-,516,267,advanced
232,-,128,104,advanced
761,-,696,65,advanced
645,-,397,248,advanced
383,-,203,180,advanced
244,-,233,11,advanced
488,-,156,332,advanced
741,-,686,55,advanced
171,-,131,40,advanced
600,-,259,341,advanced
813,-,574,239,advanced
931,-,173,758,advanced
562,-,355,207,advanced
336,-,143,193,advanced
206,-,187,19,advanced
739,-,495,244,advanced
629,-,529,100,advanced
234,-,195,39,advanced
493,-,189,304,advanced
746,-,616,130,advanced
174,-,132,42,advanced
812,-,647,165,advanced
911,-,620,291,advanced
451,-,220,231,advanced
220,-,166,54,advanced
220,-,196,24,advanced
293,-,276,17,advanced
755,-,203,552,advanced
764,-,709,55,advanced
993,-,341,652,advanced
751,-,339,412,advanced
181,-,135,46,advanced
760,-,526,234,advanced
144,-,138,6,advanced
921,-,405,516,advanced
627,-,201,426,advanced
362,-,185,177,advanced
832,-,300,532,advanced
291,-,253,38,advanced
797,-,117,680,advanced
299,-,230,69,advanced
133,-,119,14,advanced
905,-,860,45,advanced
385,-,376,9,advanced
752,-,397,355,advanced
406,-,232,174,advanced
143,-,117,26,advanced
773,-,104,669,advanced
569,-,382,187,advanced
784,-,322,462,advanced
134,-,103,31,advanced
973,-,336,637,advanced
954,-,645,309,advanced
528,-,464,64,advanced
767,-,520,247,advanced
366,-,251,115,advanced
549,-,418,131,advanced
919,-,829,90,advanced
252,-,149,103,advanced
722,-,246,476,advanced
184,-,105,79,advanced
825,-,685,140,advanced
419,-,338,81,advanced
760,-,328,432,advanced
326,-,174,152,advanced
309,-,157,152,advanced
300,-,215,85,advanced
925,-,329,596,advanced
999,-,296,703,advanced
172,-,166,6,advanced
294,-,286,8,advanced
666,-,106,560,advanced
162,-,131,31,advanced
771,-,352,419,advanced
563,-,300,263,advanced
689,-,571,118,advanced
520,-,235,285,advanced
559,-,111,448,advanced
432,-,296,136,advanced
483,-,298,185,advanced
991,-,822,169,advanced
774,-,263,511,advanced
583,-,544,39,advanced
612,-,501,111,advanced
343,-,115,228,advanced
771,-,301,470,advanced
828,-,466,362,advanced
428,-,257,171,advanced
188,-,120,68,advanced
566,-,121,445,advanced
471,-,301,170,advanced
476,-,326,150,advanced
772,-,743,29,advanced
758,-,290,468,advanced
982,-,690,292,advanced
299,-,286,13,advanced
537,-,260,277,advanced
487,-,285,202,advanced
292,-,233,59,advanced
109,-,103,6,advanced
777,-,330,447,advanced
766,-,711,55,advanced
642,-,539,103,advanced
409,-,224,185,advanced
584,-,537,47,advanced
787,-,607,180,advanced
756,-,135,621,advanced
343,-,228,115,advanced
612,-,292,320,advanced
958,-,665,293,advanced
411,-,202,209,advanced
258,-,242,16,advanced
599,-,391,208,advanced
644,-,270,374,advanced
567,-,116,451,advanced
367,-,238,129,advanced
506,-,237,269,advanced
793,-,174,619,advanced
543,-,369,174,advanced
103,-,101,2,advanced
438,-,163,275,advanced
570,-,442,128,advanced
573,-,238,335,advanced
823,-,508,315,advanced
161,-,157,4,advanced
660,-,161,499,advanced
659,-,362,297,advanced
405,-,206,199,advanced
679,-,511,168,advanced
370,-,186,184,advanced
676,-,554,122,advanced
780,-,255,525,advanced
395,-,353,42,advanced
878,-,275,603,advanced
242,-,233,9,advanced
668,-,217,451,advanced
436,-,319,117,advanced
656,-,388,268,advanced
291,-,226,65,advanced
537,-,163,374,advanced
701,-,176,525,advanced
932,-,771,161,advanced
163,-,115,48,advanced
466,-,161,305,advanced
875,-,573,302,advanced
677,-,169,508,advanced
446,-,150,296,advanced
913,-,260,653,advanced
396,-,361,35,advanced
311,-,257,54,advanced
675,-,574,101,advanced
806,-,173,633,advanced
788,-,310,478,advanced
618,-,206,412,advanced
278,-,214,64,advanced
315,-,208,107,advanced
379,-,291,88,advanced
280,-,233,47,advanced
222,-,208,14,advanced
959,-,679,280,advanced
451,-,146,305,advanced
130,-,118,12,advanced
152,-,141,11,advanced
976,-,878,98,advanced
616,-,455,161,advanced
423,-,222,201,advanced
820,-,497,323,advanced
238,-,179,59,advanced
893,-,441,452,advanced
727,-,245,482,advanced
449,-,397,52,advanced
400,-,381,19,advanced
780,-,107,673,advanced
530,-,488,42,advanced
514,-,207,307,advanced
862,-,182,680,advanced
605,-,426,179,advanced
664,-,349,315,advanced
175,-,170,5,advanced
937,-,100,837,advanced
927,-,297,630,advanced
164,-,137,27,advanced
977,-,732,245,advanced
147,-,135,12,advanced
392,-,372,20,advanced
572,-,531,41,advanced
310,-,271,39,advanced
146,-,122,24,advanced
382,-,152,230,advanced
428,-,148,280,advanced
133,-,129,4,advanced
796,-,453,343,advanced
285,-,190,95,advanced
305,-,172,133,advanced
658,-,398,260,advanced
927,-,253,674,advanced
797,-,376,421,advanced
692,-,273,419,advanced
610,-,150,460,advanced
704,-,408,296,advanced
416,-,130,286,advanced
123,-,120,3,advanced
425,-,370,55,advanced
632,-,458,174,advanced
491,-,249,242,advanced
551,-,510,41,advanced
754,-,393,361,advanced
921,-,740,181,advanced
151,-,133,18,advanced
488,-,224,264,advanced
758,-,498,260,advanced
775,-,358,417,advanced
847,-,409,438,advanced
114,-,114,0,advanced
557,-,432,125,advanced
929,-,830,99,advanced
321,-,298,23,advanced
784,-,742,42,advanced
674,-,208,466,advanced
344,-,189,155,advanced
636,-,191,445,advanced
435,-,169,266,advanced
853,-,355,498,advanced
367,-,331,36,advanced
252,-,145,107,advanced
824,-,168,656,advanced
490,-,131,359,advanced
783,-,411,372,advanced
606,-,316,290,advanced
158,-,117,41,advanced
460,-,149,311,advanced
481,-,102,379,advanced
258,-,159,99,advanced
406,-,187,219,advanced
266,-,183,83,advanced
334,-,238,96,advanced
370,-,108,262,advanced
822,-,209,613,advanced
917,-,214,703,advanced
142,-,102,40,advanced
148,-,135,13,advanced
538,-,197,341,advanced
527,-,346,181,advanced
421,-,309,112,advanced
798,-,373,425,advanced
937,-,363,574,advanced
488,-,452,36,advanced
898,-,687,211,advanced
124,-,109,15,advanced
115,-,112,3,advanced
368,-,123,245,advanced
861,-,154,707,advanced
395,-,109,286,advanced
158,-,141,17,advanced
601,-,597,4,advanced
402,-,156,246,advanced
267,-,112,155,advanced
674,-,475,199,advanced
271,-,262,9,advanced
571,-,246,325,advanced
453,-,217,236,advanced
434,-,122,312,advanced
363,-,112,251,advanced
558,-,413,145,advanced
835,-,555,280,advanced
600,-,461,139,advanced
430,-,216,214,advanced
441,-,218,223,advanced
436,-,165,271,advanced
417,-,366,51,advanced
881,-,693,188,advanced
384,-,359,25,advanced
718,-,652,66,advanced
897,-,395,502,advanced
964,-,680,284,advanced
360,-,121,239,advanced
440,-,202,238,advanced
612,-,295,317,advanced
329,-,320,9,advanced
727,-,673,54,advanced
155,-,134,21,advanced
501,-,160,341,advanced
230,-,129,101,advanced
390,-,261,129,advanced
554,-,512,42,advanced
596,-,312,284,advanced
444,-,346,98,advanced
654,-,562,92,advanced
311,-,158,153,advanced
547,-,499,48,advanced
591,-,544,47,advanced
397,-,303,94,advanced
710,-,289,421,advanced
720,-,183,537,advanced
279,-,212,67,advanced
573,-,370,203,advanced
755,-,138,617,advanced
179,-,156,23,advanced
598,-,188,410,advanced
357,-,236,121,advanced
265,-,156,109,advanced
384,-,283,101,advanced
597,-,276,321,advanced
190,-,111,79,advanced
678,-,437,241,advanced
750,-,320,430,advanced
279,-,150,129,advanced
318,-,280,38,advanced
259,-,181,78,advanced
599,-,495,104,advanced
964,-,844,120,advanced
473,-,152,321,advanced
390,-,189,201,advanced
574,-,116,458,advanced
224,-,100,124,advanced
927,-,288,639,advanced
813,-,690,123,advanced
832,-,344,488,advanced
355,-,300,55,advanced
560,-,530,30,advanced
461,-,332,129,advanced
426,-,267,159,advanced
907,-,575,332,advanced
158,-,140,18,advanced
464,-,325,139,advanced
525,-,507,18,advanced
553,-,258,295,advanced
993,-,409,584,advanced
354,-,257,97,advanced
148,-,145,3,advanced
922,-,353,569,advanced
909,-,770,139,advanced
943,-,191,752,advanced
907,-,493,414,advanced
212,-,182,30,advanced
942,-,631,311,advanced
172,-,129,43,advanced
393,-,175,218,advanced
723,-,284,439,advanced
898,-,355,543,advanced
876,-,154,722,advanced
568,-,519,49,advanced
905,-,343,562,advanced
440,-,312,128,advanced
780,-,509,271,advanced
619,-,604,15,advanced
130,-,120,10,advanced
178,-,140,38,advanced
304,-,295,9,advanced
621,-,478,143,advanced
751,-,348,403,advanced
295,-,253,42,advanced
329,-,221,108,advanced
356,-,190,166,advanced
872,-,148,724,advanced
153,-,134,19,advanced
191,-,105,86,advanced
765,-,120,645,advanced
489,-,484,5,advanced
700,-,110,590,advanced
768,-,238,530,advanced
111,-,107,4,advanced
360,-,184,176,advanced
918,-,592,326,advanced
841,-,699,142,advanced
159,-,114,45,advanced
533,-,267,266,advanced
716,-,500,216,advanced
302,-,130,172,advanced
569,-,356,213,advanced
672,-,180,492,advanced
206,-,143,63,advanced
311,-,254,57,advanced
119,-,109,10,advanced
153,-,145,8,advanced
981,-,925,56,advanced
139,-,113,26,advanced
658,-,504,154,advanced
718,-,237,481,advanced
208,-,136,72,advanced
884,-,292,592,advanced
974,-,585,389,advanced
748,-,266,482,advanced
378,-,116,262,advanced
533,-,486,47,advanced
305,-,232,73,advanced
689,-,166,523,advanced
676,-,481,195,advanced
299,-,203,96,advanced
171,-,156,15,advanced
926,-,672,254,advanced
559,-,507,52,advanced
818,-,207,611,advanced
313,-,247,66,advanced
968,-,302,666,advanced
660,-,573,87,advanced
755,-,639,116,advanced
655,-,421,234,advanced
448,-,417,31,advanced
925,-,763,162,advanced
443,-,420,23,advanced
274,-,158,116,advanced
680,-,174,506,advanced
252,-,238,14,advanced
346,-,280,66,advanced
327,-,299,28,advanced
304,-,177,127,advanced
952,-,132,820,advanced
597,-,423,174,advanced
782,-,770,12,advanced
436,-,238,198,advanced
154,-,120,34,advanced
427,-,175,252,advanced
149,-,141,8,advanced
979,-,112,867,advanced
586,-,191,395,advanced
199,-,179,20,advanced
717,-,449,268,advanced
482,-,353,129,advanced
325,-,117,208,advanced
247,-,205,42,advanced
709,-,102,607,advanced
634,-,517,117,advanced
926,-,595,331,advanced
746,-,518,228,advanced
638,-,452,186,advanced
961,-,657,304,advanced
975,-,103,872,advanced
461,-,282,179,advanced
615,-,606,9,advanced
510,-,215,295,advanced
206,-,139,67,advanced
339,-,163,176,advanced
883,-,414,469,advanced
